   110.4870      -7.995500     -0.1800000     AI1 
   110.3560      -8.005310     -0.3900000     AI2 
   110.5643      -7.864920     -0.2500000     AI3 
   110.5718      -8.092500     -0.2400000     AJ1 
   110.6495      -7.965850     -0.2300000     AJ2 
   110.5222      -7.912450     -0.2450000     AI4 
   110.2929      -7.981670     -3.9999999E-02 AH1 
   110.1749      -7.747560     -0.4000000     AH3 
   110.8344      -7.972970     -0.2320000     AK1 
   110.7756      -8.147490     -0.2920000     AK2 
   110.9838      -8.039790     -0.2100000     AK3 
   110.8822      -8.179030     -0.2000000     AK4 
   110.1806      -7.631500     -0.4170000     BH1 
   110.4107      -7.526490      -1.285000     BH2 
   110.3370      -7.437320     -0.8850000     BH3 
   110.4713      -7.580260      -1.125000     BI1 
   110.5535      -7.532750     -0.6500000     BI2 
   110.5296      -7.605810     -0.5820000     BI4 
   110.6387      -7.769790     -0.1540000     BJ1 
   110.7601      -7.842950     -0.2300000     BJ2 
   110.8459      -7.861350     -0.2140000     BK1 
   110.8809      -7.658850     -0.1320000     BK2 
   110.9860      -7.728340     -0.3040000     BK3 
   109.6564      -7.736200     -5.0000001E-02 AE1 
   109.4866      -7.676300     -5.0000001E-02 AE2 
   109.5844      -7.555600     -0.2550000     AE3 
   109.8334      -7.821250     -4.1999999E-02 AF1 
   109.8954      -7.651100     -0.1200000     AF2 
   110.0464      -7.836420     -0.2150000     AG1 
   109.9957      -7.634010     -0.2100000     AG2 
   109.9403      -7.843360     -3.9999999E-02 AG3 
   110.1027      -7.425430      -1.300000     BG1 
   110.0444      -7.486760     -0.8000000     BG2 
   109.9938      -7.389300      -1.060000     BG3 
   109.9902      -7.269880      -1.866000     CG1 
   110.0377      -7.177240     -0.9050000     CG2 
   110.1386      -7.359130     -0.9900000     CG3 
   110.5023      -7.450000      -1.070000     CI1 
   110.6216      -7.417400     -0.5000000     CI2 
   110.5610      -7.292460     -0.5000000     CI3 
   110.2406      -7.273960     -0.6910000     CH1 
   110.3530      -7.224580     -0.9930000     CH2 
   109.5666      -7.378400     -0.2700000     BE1 
   109.6021      -7.462130     -0.2100000     BE2 
   109.7087      -7.337050     -0.5700000     BE3 
   109.8565      -7.371860     -0.8300000     BF1 
   109.8246      -7.490340     -0.5250000     BF2 
   109.9537      -7.475010     -0.9100000     BF3 
   110.6924      -7.519030     -0.2010000     CJ1 
   110.7383      -7.358470     -0.2300000     CJ2 
   111.1336      -7.637680      -1.190000     CK1 
   110.9214      -7.354860     -0.1500000     CK2 
   109.9087      -7.273230      -1.250000     CF1 
   109.8503      -7.197320      -1.780000     CF2 
   110.2939      -7.811510     -0.1800000     AH4 
   109.7447      -7.786460     -5.0000001E-02 AF3 
   109.7201      -7.242600      -1.185000     CE1 
   109.6025      -7.250890     -0.7000000     CE2 
   110.1390      -7.842470     -0.1600000     AG4 
   110.2810      -7.744020     -0.1700000     AH5 
   109.9957      -7.634010     -0.2100000     AG2 
   110.9842      -8.036560     -0.2300000     AK5 
   111.1286      -7.328780     -0.1700000     DK1 
   111.0991      -7.209010     -0.1250000     DK2 
   110.2226      -7.923810     -7.5000003E-02 AH2 
   110.7372      -7.238310     -0.1700000     DJ1 
   110.4296      -7.112150     -0.2800000     DH1 
   110.3202      -7.147590     -0.7500000     DH2 
   110.6002      -7.170860     -0.1000000     DI1 
   110.6746      -7.037940     -2.9999999E-02 DI2 
   110.7648      -7.109870     -7.0000000E-02 DJ2 
   109.8032      -6.965820     -0.1500000     DE1 
   110.1380      -7.359850     -0.9600000     CG4 
   110.8593      -7.278390     -0.1400000     DJ3 
   110.9261      -7.150800     -7.9999998E-02 DK3 
   111.2319      -7.205300     -0.1250000     DL1 
   110.3449      -5.798700     -2.0000001E-03 NG1 
   110.4424      -5.880630     -5.9999999E-02 NG2 
   111.3413      -7.061470     -0.1040000     NL1 
   111.2267      -6.948750     -0.1860000     NK1 
   110.7507      -6.511620     -0.3000000     NJ1 
   110.9397      -6.418350     -3.9999999E-02 NJ2 
   110.9629      -6.587760     -0.3500000     NJ3 
   110.7843      -6.607510     -0.3000000     NJ4 
   110.8601      -6.953830     -4.6000000E-02 NJ5 
   111.5207      -6.788780     -0.1300000     NL2 
   111.0024      -7.071230     -7.8000002E-02 NK3 
   111.2117      -6.713990     -3.2000002E-02 NK2 
   111.0865      -6.878110     -7.1000002E-02 NK4 
   111.5030      -6.665740     -0.1700000     NL3 
   111.3756      -6.833380     -8.9000002E-02 NL4 
   109.5816      -7.100090     -0.6510000     CE3 
   110.6082      -6.869530     -3.7999999E-02 NJ6 
   110.9593      -6.776160     -0.1310000     NJ7 
   111.1096      -7.491620     -0.2360000     CK3 
   110.0825      -7.090020     -0.5720000     DG1 
   110.7648      -7.109870     -7.0000000E-02 DJ2 
   109.9403      -7.843360     -3.9999999E-02 AG3 
   110.2810      -7.744020     -0.1700000     AH5 
   109.9902      -7.269880      -1.866000     CG1 
   110.9580      -7.481690     -0.1260000     CK4 
   111.1243      -7.052400     -8.5000001E-02 NK5 
   111.4796      -6.951960     -0.1530000     NL5 
   109.4866      -7.676300     -5.0000001E-02 AE2 
   109.7450      -7.797380     -3.2000002E-02 AF4 
   110.8114      -6.725610     -0.1200000     NJ8 
   110.4725      -7.207700     -0.3360000     DH3 
   111.1286      -7.328600     -0.1400000     DK1 
   110.6002      -7.170830     -0.1030000     DI1 
   111.1336      -7.637680      -1.190000     CK1 
   111.0306      -7.590420     -0.4270000     CK6 
   110.8601      -6.953830     -4.6000000E-02 NJ5 
   110.9593      -6.776160     -0.1310000     NJ7 
   110.3560      -8.005310     -0.3900000     AI2 
   109.8073      -7.199590      -1.600000     CF3 
   110.1027      -7.425430      -1.300000     BG1 
   111.2273      -6.755510     -4.5000002E-02 NK6 
   110.2810      -7.744020     -0.1700000     AH5 
   110.4453      -7.607500     -0.8300000     BI3 
   110.9580      -7.481690     -0.1260000     CK4 
   110.6722      -7.038300     -3.2000002E-02 DI3 
   110.8340      -7.455770     -0.1400000     CJ3 
   110.5222      -7.912450     -0.2450000     AI4 
   110.8809      -7.658850     -0.1320000     BK2 
   109.9902      -7.269880      -1.866000     CG1 
   110.4453      -7.607500     -0.8300000     BI3 
   110.7436      -8.037970     -0.4230000     AK6 
   110.8384      -8.083920     -0.2560000     AK7 
   111.0480      -7.992220     -0.5290000     AK8 
   111.2370      -8.023780     -0.6330000     AL1 
   111.2679      -8.132820     -0.6390000     AL2 
   111.1751      -8.245680     -0.3800000     AL3 
   111.0390      -8.191730     -0.3680000     AL4 
   110.5222      -7.912450     -0.2450000     AI4 
   110.4107      -7.526490      -1.285000     BH2 
   110.4453      -7.607500     -0.8300000     BI3 
   110.6387      -7.769790     -0.1540000     BJ1 
   110.8809      -7.658850     -0.1320000     BK2 
   111.0480      -7.992220     -0.5290000     AK8 
   110.3119      -7.877470     -7.9999998E-02 AHB 
   110.6565      -8.059350     -0.2800000     AJB 
   110.1721      -7.499440     -0.3900000     BGB 
   110.4453      -7.607500     -0.8300000     BIB 
   111.1129      -7.852050     -0.3250000     BKB 
   109.7751      -7.626960     -0.1400000     AFB 
   110.4000      -7.334840      -1.137000     CHB 
   110.8340      -7.455770     -0.1400000     CJB 
   109.7421      -7.424630     -0.7400000     BEB 
   109.9557      -7.137050     -0.9800000     CFB 
   109.7356      -7.033570     -0.2900000     DEB 
   110.2144      -7.057430     -0.3150000     DGB 
   111.0345      -7.322700     -0.1200000     DKB 
   110.5544      -7.089470     -7.0000000E-02 DIB 
   110.9966      -6.958350     -0.2320000     NKB 
   110.9966      -6.958350     -0.2320000     NKB 
   109.4506      -8.493500       2.213000     OH01
   109.5366      -9.190080       3.135000     OS02
   110.0433      -9.836780       1.853000     OH03
   110.7714      -9.853480       2.908000     OH04
   111.1027      -9.762850       2.824000     OH05
   111.2433      -9.451870       2.913000     OS06
   110.7220      -9.509550      0.9870000     OS07
   110.1684      -9.440330       1.224000     OS08
   110.0287      -9.152180       3.302000     OS09
   110.3593      -8.972800       1.696000     OH10
   110.7899      -9.058650       3.224000     OH11
   111.3757      -9.055580       2.474000     OS12
   111.0262      -8.768680       1.133000     OH13
   110.3765      -8.634550       1.093000     OH14
