           4   5.00000007E-02
           0  0.150000006    
           0  0.250000000    
           0  0.349999994    
           0  0.450000018    
           0  0.550000012    
           0  0.650000036    
           0  0.750000000    
           0  0.850000024    
           0  0.949999988    
           0   1.05000007    
           0   1.14999998    
           0   1.25000000    
           0   1.35000002    
           0   1.45000005    
           0   1.55000007    
           0   1.64999998    
           0   1.75000000    
           0   1.85000002    
           0   1.95000005    
           0   2.04999995    
           0   2.15000010    
           0   2.25000000    
           7   2.35000014    
          10   2.45000005    
          19   2.54999995    
          49   2.65000010    
          58   2.75000000    
          76   2.85000014    
          88   2.95000005    
          98   3.04999995    
         109   3.15000010    
         119   3.25000000    
         136   3.35000014    
         157   3.45000005    
         187   3.54999995    
         217   3.65000010    
         269   3.75000000    
         280   3.85000014    
         314   3.95000005    
         323   4.05000019    
         333   4.15000010    
         337   4.25000000    
         353   4.34999990    
         359   4.45000029    
         347   4.55000019    
         335   4.65000010    
         321   4.75000000    
         307   4.84999990    
         305   4.95000029    
         301   5.05000019    
         307   5.15000010    
         316   5.25000000    
         317   5.34999990    
         306   5.45000029    
         280   5.55000019    
         261   5.65000010    
         246   5.75000000    
         230   5.84999990    
         209   5.95000029    
         182   6.05000019    
         139   6.15000010    
         127   6.25000000    
         108   6.34999990    
         106   6.45000029    
          97   6.55000019    
          86   6.65000010    
          83   6.75000000    
          75   6.84999990    
          72   6.95000029    
          60   7.05000019    
          61   7.15000010    
          54   7.25000000    
          49   7.34999990    
          46   7.45000029    
          43   7.55000019    
          40   7.65000010    
          40   7.75000000    
          40   7.84999990    
          34   7.95000029    
          25   8.05000019    
          19   8.15000057    
          22   8.25000000    
          10   8.35000038    
          10   8.44999981    
          13   8.55000019    
           0   8.65000057    
           0   8.75000000    
           0   8.85000038    
           0   8.94999981    
           0   9.05000019    
           0   9.15000057    
           0   9.25000000    
           0   9.35000038    
           0   9.44999981    
           0   9.55000019    
           0   9.65000057    
           0   9.75000000    
           0   9.85000038    
           0   9.94999981    
           0   10.0500002    
           0   10.1500006    
           0   10.2500000    
           0   10.3500004    
           0   10.4499998    
           0   10.5500002    
           0   10.6500006    
           0   10.7500000    
           0   10.8500004    
           0   10.9499998    
           0   11.0500002    
           0   11.1500006    
           0   11.2500000    
           0   11.3500004    
           0   11.4499998    
           0   11.5500002    
           0   11.6500006    
           0   11.7500000    
           0   11.8500004    
           0   11.9499998    
           0   12.0500002    
           0   12.1500006    
           0   12.2500000    
           0   12.3500004    
           0   12.4499998    
           0   12.5500002    
           0   12.6500006    
           0   12.7500000    
           0   12.8500004    
           0   12.9499998    
           0   13.0500002    
           0   13.1500006    
           0   13.2500000    
           0   13.3500004    
           0   13.4499998    
           0   13.5500002    
           0   13.6500006    
           0   13.7500000    
           0   13.8500004    
           0   13.9499998    
           0   14.0500002    
           0   14.1500006    
           0   14.2500000    
           0   14.3500004    
           0   14.4499998    
           0   14.5500002    
           0   14.6500006    
           0   14.7500000    
           0   14.8500004    
           4   14.9499998    
