  -67.20590      -21.84051       122.9212    
  -67.55804      -22.16285       189.2878    
  -68.27170      -22.14565     -0.5000000    
  -67.20020      -21.64840       244.3871    
  -67.01952      -21.92130       10.37250    
  -67.20795      -22.23850       3.490700    
  -67.21060      -22.23710       2.878300    
  -67.54980      -22.60991       39.80690    
  -67.98303      -21.69432       79.96360    
  -67.21039      -22.24040      -3.504700    
  -67.28210      -22.19124       5.381800    
  -67.21350      -22.23920       2.168000    
  -67.20673      -22.24120       3.471900    
  -68.10751      -22.18727       8.315100    
  -68.05258      -22.16423       2.595361    
  -67.14330      -22.42379       9.089700    
  -68.23770      -21.91794       50.80900    
  -68.15958      -21.84615       68.41850    
  -66.57208      -22.59440       189.0949    
  -68.01431      -22.28052       53.29460    
  -67.97296      -21.98460       66.71680    
  -68.26883      -22.38576       66.37810    
  -67.95535      -22.37249       48.65050    
  -67.82700      -21.26494       63.32490    
  -67.98737      -22.08881       63.62240    
  -67.14690      -21.35359       65.76510    
  -67.94989      -22.15786      -1.742800    
  -67.81207      -23.07564       67.02430    
  -66.90580      -21.52096       177.5675    
  -68.27948      -22.32611       70.77520    
  -67.19130      -22.39340       2.039400    
  -68.00409      -22.72025       94.19991    
  -67.95648      -22.04439       59.78860    
  -68.15543      -21.94798       70.84460    
  -68.03381      -22.29619       54.72900    
  -68.28943      -21.62214       98.76630    
  -67.21985      -22.29450      0.3660002    
  -67.15002      -22.31131       7.376200    
  -67.10986      -22.26080       3.827600    
  -67.03249      -22.39709       7.887000    
  -67.02242      -22.38239       4.218700    
  -67.02994      -22.38079       5.437500    
  -67.02508      -22.39069       9.340300    
  -68.05872      -22.18326       4.991200    
  -67.27826      -22.28229       10.03490    
  -67.21832      -22.27820       2.672000    
  -67.30002      -22.60777      0.4897003    
  -67.29413      -22.62756       2.496201    
  -66.88371      -22.77761       3.688700    
  -66.75725      -21.89491       4.413600    
  -67.20764      -22.00281       10.28790    
  -67.02388      -22.39018       9.328199    
  -67.09175      -22.45121       4.253300    
  -67.10217      -22.45101       4.536600    
  -67.09720      -22.46800       5.540300    
  -67.10159      -22.44832       4.591700    
  -67.08588      -22.45210      -2.253799    
  -67.09874      -22.45921       4.817200    
  -67.10100      -22.45460       4.942300    
  -67.10234      -22.46631       6.709300    
  -67.09818      -22.44251       4.227900    
  -67.11337      -22.47031      0.6709995    
  -67.09638      -22.45061       4.610701    
  -67.10748      -22.45540       5.538099    
  -67.10584      -22.45572       5.534800    
  -67.09719      -22.47489       2.603600    
  -67.06313      -22.30559       2.570100    
  -67.06203      -22.30509       2.604200    
  -67.26807      -22.27590       9.909800    
  -67.18342      -22.33258       2.626600    
  -67.18065      -22.33091      0.3008003    
  -67.18617      -22.33181      -3.971100    
  -67.15124      -22.29639       2.342000    
  -67.22171      -22.28030      -2.363900    
  -66.45412      -22.75224       9.250400    
  -66.53500      -22.62843       4.262899    
  -67.03156      -22.39160       3.255100    
  -67.02990      -22.39170       8.120100    
  -67.91492      -21.70277       2.132799    
  -67.95038      -21.66507       6.990600    
  -67.17236      -22.26061      5.1056385E-02
  -67.86453      -22.55480       10.86000    
  -67.20740      -22.23980       2.560699    
  -67.21237      -22.24310       2.614900    
  -67.21609      -22.28739       8.124599    
  -67.15247      -22.41630      0.2136002    
  -67.14293      -22.42148       9.071800    
  -67.14397      -22.41609       2.543000    
  -67.13570      -22.42669       9.146900    
  -67.14620      -22.41580       3.108800    
  -67.16774      -22.22530       5.890100    
  -67.16237      -22.30130       5.742400    
  -66.87776      -21.81736       3.808701    
  -67.27731      -22.27769       2.192000    
  -67.09150      -22.54099       2.379000    
  -67.20303      -22.25480       9.237600    
  -67.22360      -22.32290       2.061600    
  -67.09169      -22.54909       9.199900    
  -67.20944      -22.28940       2.836000    
