   24.2250557      -45.9760132       7.50000000              10
           1           1  0.267039299    
           1           4  -3.00240517E-02
           1          12 -0.539109230    
           1          29  0.291717529    
           1          30   1.03759766E-02
           2           1  0.107263565    
           2           4  0.892254829    
           2          12 -0.163187027    
           2          29 -0.250783920    
           2          30   9.34839249E-04
   43.5108757      -71.5461578     -0.500000000              10
           1           1   7.03630447E-02
           1           4   7.50541687E-03
           1          24  0.265477180    
           1          29 -0.312481880    
           1          30  -3.08647156E-02
           2           1  -8.56075287E-02
           2           4  0.267530441    
           2          24  -3.39164734E-02
           2          29  0.183553696    
           2          30  -3.76987457E-02
   16.2792263      -38.3049774       11.3999996              18
           1           1 -0.402283669    
           1           4 -0.274415970    
           1          12   3.29256058E-03
           1          20  0.610697746    
           1          21  0.608610153    
           1          22  0.291862488    
           1          23  -5.59978485E-02
           1          24   2.45561600E-02
           1          29 -0.309282780    
           1          30 -0.345530510    
           1          31 -0.151507854    
           2           1 -0.864738464    
           2           4  -1.73616409E-02
           2          20  0.427331924    
           2          23 -0.206050873    
           2          24  -5.91077805E-02
           2          29 -0.266634464    
           2          30 -0.338256359    
   16.9357834      -39.2225342       10.8745422              12
           1           1 -0.307810783    
           1           4 -0.129521847    
           1          22  0.696556091    
           1          23  0.226020336    
           1          29 -0.188606739    
           1          30   1.40686035E-02
           1          31 -0.310706615    
           2           1 -0.667905807    
           2           4   9.51862335E-02
           2          23   3.96070480E-02
           2          29 -0.195259094    
           2          30   3.92894745E-02
   41.3998680      -74.3820496       13.5000000               8
           1           1 -0.152938843    
           1           4  0.174512863    
           1          22  -3.69215012E-02
           1          23 -0.244503975    
           1          30  0.259852409    
           2           1 -0.498018265    
           2          23 -0.243679047    
           2          30  0.273726463    
   29.6712646      -61.5457497       13.5792770              28
           1           1 -0.384065628    
           1           2   1.65824890E-02
           1           4 -0.251765251    
           1           5 -0.356462479    
           1           6 -0.341866970    
           1           8  0.140966415    
           1          10 -0.319087982    
           1          11 -0.553002357    
           1          12  0.197738647    
           1          15 -0.247495651    
           1          19   1.22805882    
           1          20  0.324517250    
           1          21   1.05117607    
           1          23 -0.185992241    
           1          24 -0.244267464    
           1          26 -0.153411865    
           1          29   4.69880104E-02
           1          31   3.13940048E-02
           2           1  -1.05150414    
           2           2 -0.300405502    
           2           4  0.223407745    
           2           6 -0.279769897    
           2          11  -1.40869904    
           2          23 -0.334783554    
           2          24  0.246152878    
           2          26 -0.189395905    
           2          29   6.12821579E-02
           2          31 -0.295221329    
   31.8537445      -63.8694305       8.26081657              21
           1           2 -0.236000061    
           1           6  0.918352127    
           1          10 -0.296625137    
           1          11  -7.07664490E-02
           1          12  0.446907997    
           1          15   1.04621315    
           1          20  0.745689392    
           1          22  0.848793983    
           1          23 -0.297818184    
           1          24  -1.04284096    
           1          30   4.16035652E-02
           1          31  -1.21061134    
           2           1  -1.22448349    
           2           4  0.331588745    
           2           6  0.807054520    
           2          11  -1.80444717    
           2          15   1.03440475    
           2          23 -0.480434418    
           2          24  0.213027954    
           2          30 -0.143419743    
           2          31  -1.17218399    
   30.2480259      -61.5183678       10.7126417               9
           1           1   5.58614731E-02
           1           6 -0.285487652    
           1          22  -8.80270004E-02
           1          23  -4.03308868E-03
           1          30  0.321686745    
           2           1 -0.639623642    
           2           6  0.230086327    
           2          23 -0.221442223    
           2          30  0.332281113    
   30.0064983      -62.1532898       10.3999996              25
           1           1 -0.394558907    
           1           4 -0.266430855    
           1           5   8.26187134E-02
           1           6  -4.96864319E-04
           1          10 -0.351573944    
           1          11 -0.533006668    
           1          12  0.323403358    
           1          15 -0.379568100    
           1          20  0.647109985    
           1          22  -4.80067730E-02
           1          23  -6.20470047E-02
           1          24  0.804468155    
           1          29   7.09328651E-02
           1          30  0.132912159    
           1          31  -2.57549286E-02
           2           1 -0.969263077    
           2           4   9.85527039E-02
           2           6  -3.93590927E-02
           2          11  -1.54462814    
           2          20   1.02157021    
           2          23 -0.223995209    
           2          24   5.90820312E-02
           2          29  0.202072144    
           2          30  0.107434750    
           2          31 -0.492300034    
   29.0064983      -60.6532898       11.5000000               9
           1           1  -3.35693359E-02
           1           6 -0.143375397    
           1          22 -0.268008947    
           1          23   1.00955963E-02
           1          30  0.434857845    
           2           1 -0.712471008    
           2           6 -0.129141808    
           2          23  -1.82409286E-02
           2          30  0.433853149    
   28.9163818      -60.7845802       9.49654865               9
           1           1  -2.76517868E-02
           1           6 -0.284680843    
           1          22 -0.202172756    
           1          23   2.08034515E-02
           1          30  0.493701458    
           2           1 -0.905103683    
           2           6 -0.132053375    
           2          23  -3.27310562E-02
           2          30  0.501194954    
   29.5064983      -61.6532898       10.0000000              13
           1           1 -0.359572411    
           1           4   9.90581512E-03
           1           6  0.174988747    
           1          22  -8.06245804E-02
           1          23   6.10399246E-03
           1          30  0.256249428    
           1          31  -7.05051422E-03
           2           1  -1.00301933    
           2           4  0.235097885    
           2           6  -7.42607117E-02
           2          23  -1.36375427E-03
           2          30  0.323882580    
           2          31 -0.183727264    
   26.8998203      -47.5453262       6.51092005              11
           1           1   1.13820457    
           1           4  0.328111172    
           1          23  0.522686005    
           1          29  -1.61500740    
           1          30  0.541816115    
           1          31 -0.915809631    
           2           1  0.538999557    
           2           4  0.661841393    
           2          23  0.322619438    
           2          29  -1.53146076    
           2          30  0.525140047    
   17.1681747      -43.2528381       4.90000010              14
           1           1 -0.706092834    
           1           4 -0.581081390    
           1          12  0.306607246    
           1          22  0.446786404    
           1          23 -0.107748985    
           1          24   1.34559345    
           1          29 -0.263627529    
           1          30 -0.337859750    
           1          31 -0.102575779    
           2           1  -1.31093979    
           2           4 -0.138419151    
           2          23  -9.37538147E-02
           2          30 -0.314942837    
           2          31 -0.124959946    
   36.4862747      -71.0669785       19.1966133              18
           1           1 -0.259602547    
           1           4   3.36599350E-02
           1           5  0.634263992    
           1           6  -5.54342270E-02
           1          10  0.292512894    
           1          12  0.727327347    
           1          15 -0.597532272    
           1          22  -1.01319098    
           1          23 -0.897105217    
           1          29  0.516772270    
           1          31  0.182209969    
           2           1 -0.571895599    
           2           4  0.386655807    
           2           6 -0.204802513    
           2          22 -0.862989902    
           2          23 -0.915644646    
           2          24  0.436120987    
           2          31 -0.200811386    
   37.6771393      -74.7182312       15.8999996              15
           1           1  -6.38895035E-02
           1           4  0.257883072    
           1           5   1.10124588    
           1           6  0.370532036    
           1          15   2.83622742E-02
           1          22 -0.118701935    
           1          23  -8.98122787E-02
           1          31  -1.48561859    
           2           1 -0.690387726    
           2           4  0.246620178    
           2           6  0.138125420    
           2          15   2.08643341    
           2          22  0.276428699    
           2          23 -0.434459686    
           2          31 -0.727329254    
   34.0653725      -69.6591034       18.8999996               8
           1           1 -0.225267410    
           1           6  0.291968822    
           1          22 -0.402827501    
           1          23  0.336125851    
           2           1 -0.167896271    
           2           6   8.14056396E-02
           2          22 -0.399748325    
           2          23  0.296473503    
   35.7310600      -73.5995255       17.4133282               8
           1           1  -5.46274185E-02
           1           4  0.471848488    
           1           6 -0.317986965    
           1          22 -0.113778353    
           1          23   1.45444870E-02
           2           1 -0.644372940    
           2           6  -5.20849228E-02
           2          22 -0.124929905    
   35.7127647      -73.6686935       16.7816410              11
           1           1  -1.73816681E-02
           1           4  0.412936211    
           1           6  0.143163204    
           1          22 -0.180200338    
           1          23 -0.911919117    
           1          31  0.553401947    
           2           1 -0.805446625    
           2           4  0.616090775    
           2           6 -0.172520638    
           2          22  -2.22387314E-02
           2          23 -0.956158638    
   32.3661728      -65.6135406       5.83016396               8
           1           4  -9.91325378E-02
           1           6 -0.576328754    
           1          23  0.170331001    
           1          30  0.505130768    
           2           4  -9.76104736E-02
           2           6 -0.318846703    
           2          23  0.200476646    
           2          30  0.389636040    
   36.6260071      -73.9808426       16.9946327              29
           1           3  -4.11396027E-02
           1           4 -0.483308792    
           1           5  -3.19232941E-02
           1           8  0.253175735    
           1           9 -0.527055740    
           1          10 -0.612939835    
           1          12  0.337053299    
           1          14   1.09062386    
           1          15 -0.170438766    
           1          18   1.06929588    
           1          19  0.773918152    
           1          20  0.109077454    
           1          21  0.837600708    
           1          22 -0.973110437    
           1          23 -0.610016823    
           1          24 -0.244971275    
           1          29  -2.62565613E-02
           1          30 -0.430378914    
           2           4 -0.523078918    
           2           7 -0.319210052    
           2           9 -0.607448578    
           2          10  -1.11344910    
           2          15   1.65880203    
           2          20  0.193979263    
           2          22 -0.755739212    
           2          23 -0.768479347    
           2          24 -0.717905045    
           2          29  0.133909225    
           2          30 -0.573095322    
   34.8990326      -78.4345245       15.1000004              27
           1           3  0.203880310    
           1           4 -0.476338387    
           1           5  0.318796158    
           1           7  -2.89916992E-02
           1           8   7.93151855E-02
           1           9 -0.200321198    
           1          10 -0.807682037    
           1          12  0.765520096    
           1          14  0.819746017    
           1          15  0.149066925    
           1          19  0.229209900    
           1          20   4.62512970E-02
           1          21  0.240594864    
           1          22  -1.21380186    
           1          23  0.482481003    
           1          24 -0.240204811    
           1          29 -0.221370697    
           1          30 -0.146149158    
           2           5  -1.06063080    
           2           7 -0.211868286    
           2          15   1.63083649    
           2          19  0.437070847    
           2          22  -1.13604450    
           2          23  0.517636299    
           2          24  -1.21092987    
           2          29 -0.218910217    
           2          30 -0.691037178    
   34.9056778      -73.4678040       17.6538506              12
           1           4   3.69119644E-02
           1           5  0.939674377    
           1          22  -1.79788291    
           1          23   8.25567245E-02
           1          29  0.186836243    
           1          30  -4.83279228E-02
           2           4 -0.153310776    
           2           7  0.600231171    
           2          22  -1.63246107    
           2          23  -5.71441650E-03
           2          29  0.361558914    
           2          30 -0.198218346    
   36.8413544      -73.7120819       11.1000004              17
           1           3 -0.195261002    
           1           4 -0.147288322    
           1           5  0.267005920    
           1           8  0.677137375    
           1          12  0.878845215    
           1          15 -0.214094162    
           1          23 -0.201776028    
           1          24 -0.161195755    
           1          29  0.160556793    
           1          30   1.48596764E-02
           2           4 -0.270498276    
           2           7 -0.905818939    
           2          22 -0.172970057    
           2          23 -0.193129539    
           2          24 -0.254140854    
           2          29  0.172838211    
           2          30   3.51505280E-02
   34.3182526      -71.2659912       18.3628807               8
           1           4  0.423038483    
           1          22 -0.689588547    
           1          23   8.84156227E-02
           1          30  0.178133965    
           2           4  0.274682999    
           2          22 -0.646784306    
           2          23   4.58240509E-02
           2          30  0.228345871    
   36.9205132      -71.8709641       15.8261328              29
           1           3  -2.01854706E-02
           1           4 -0.204396248    
           1           5 -0.361755371    
           1           8  0.305429459    
           1           9  -1.03419685    
           1          10 -0.568918228    
           1          12   1.02432060    
           1          14  0.850788116    
           1          18  0.557270050    
           1          19  0.608020782    
           1          20  0.157583237    
           1          21 -0.936445236    
           1          22 -0.490195990    
           1          23 -0.782465458    
           1          24  -7.83357620E-02
           1          25  0.387447357    
           1          27 -0.149301529    
           1          29 -0.189630508    
           1          30 -0.280583382    
           2           4 -0.273040771    
           2           9  -1.27369308    
           2          10  -1.82272339    
           2          15   1.20555115    
           2          20  0.492326736    
           2          22 -0.468896389    
           2          23  -1.01575279    
           2          24 -0.388734818    
           2          29  0.312063217    
           2          30 -0.272554398    
   34.3250389      -71.0610123       18.3176899              18
           1           3   7.15084076E-02
           1           4 -0.272953033    
           1           5  0.562757492    
           1           8  0.749788284    
           1           9 -0.619897842    
           1          10 -0.291578293    
           1          12   1.39847660    
           1          15  0.554124832    
           1          22  -1.10765219    
           1          23 -0.540864468    
           1          24  0.304988861    
           1          30 -0.222218513    
           2           4  -9.63020325E-02
           2           7 -0.586479187    
           2          22  -1.05528975    
           2          23 -0.581748009    
           2          24 -0.223800659    
           2          30 -0.250049591    
   35.0074959      -72.8246613       15.7999992              21
           1           3   6.53114319E-02
           1           4 -0.245994568    
           1           5  0.364561081    
           1           8   7.11021423E-02
           1           9 -0.208774567    
           1          10 -0.150669098    
           1          12  0.772546768    
           1          15  0.411365509    
           1          20  0.775555611    
           1          22 -0.605113029    
           1          23 -0.362040997    
           1          29   1.24778748E-02
           1          30 -0.172044277    
           2           4 -0.223989487    
           2           7 -0.728286743    
           2          15  -6.64710999E-02
           2          20  0.742647171    
           2          22 -0.404487610    
           2          23 -0.381263733    
           2          29  0.405414581    
           2          30 -0.168269157    
   37.0319099      -73.9778290       13.6036596              26
           1           3 -0.113498688    
           1           4  -6.14719391E-02
           1           5  0.130767822    
           1           8   2.76565552E-02
           1           9 -0.397859573    
           1          10 -0.403306961    
           1          12  0.582674026    
           1          14  0.822387695    
           1          15   5.76782227E-03
           1          19  0.411684036    
           1          20  0.169432640    
           1          21  0.384249687    
           1          22 -0.195040464    
           1          23 -0.163245201    
           1          24 -0.157081604    
           1          25  0.340051651    
           1          29   1.05571747E-02
           1          30   2.47573853E-03
           2           4 -0.446205139    
           2           7  -1.39619827    
           2          15   1.71809006    
           2          22  0.296729565    
           2          23 -0.249219894    
           2          24 -0.398742676    
           2          29   3.62434387E-02
           2          30  -7.49588013E-03
   33.8420792      -69.6596222       18.7999992               8
           1           4  0.483360291    
           1          22 -0.822955132    
           1          23  -5.62286377E-02
           1          30  0.395823002    
           2           4  0.410516739    
           2          22 -0.810220242    
           2          23  -6.67848587E-02
           2          30  0.391702652    
   33.8420792      -70.1596222       17.7000008              10
           1           4  0.208860397    
           1          22 -0.876000643    
           1          23 -0.112681389    
           1          24  0.587316513    
           1          30  0.192505360    
           2           4  0.204511642    
           2          22 -0.839751244    
           2          23  -7.21054077E-02
           2          24  0.177886963    
           2          30  0.206710815    
   34.3420792      -70.6596222       18.7000008              11
           1           4  0.100537300    
           1          22  -1.04121280    
           1          23 -0.248051167    
           1          24  0.482789040    
           1          30   1.91888809E-02
           2           4  0.114776611    
           2          22  -1.02619457    
           2          23 -0.207818031    
           2          24  0.194604874    
           2          29  0.686748505    
           2          30   6.48880005E-03
   34.3420792      -69.6596222       19.7999992              10
           1           4  0.431106567    
           1          22  -1.20131946    
           1          23 -0.217901707    
           1          24  0.826509476    
           1          30  0.161605358    
           2           4  0.432800293    
           2          22  -1.20232010    
           2          23 -0.230510712    
           2          24  0.334985733    
           2          30  0.174653053    
   32.8420792      -69.1596222       18.7000008              11
           1           4  0.313533783    
           1          22  -1.37071252    
           1          23 -0.147673130    
           1          24  0.315206528    
           1          29  0.713387489    
           1          30  0.176257133    
           2           4  0.198076248    
           2          22  -1.35514402    
           2          23 -0.145977974    
           2          24  0.210920334    
           2          30  0.164703369    
   34.0987778      -70.4195251       18.6949463              12
           1           4  0.296480179    
           1          22  -1.18114638    
           1          23 -0.153136730    
           1          24  0.281737328    
           1          29  0.633278847    
           1          30  0.122785568    
           2           4  0.138408661    
           2          22  -1.06355524    
           2          23 -0.185939789    
           2          24  0.223348618    
           2          29  0.730968475    
           2          30   4.31289673E-02
   36.2327728      -72.9053192       11.1376581              16
           1           4 -0.229598999    
           1           5   1.64241791E-02
           1           7 -0.811038971    
           1           9  0.574481964    
           1          12  0.729686737    
           1          15   3.40919495E-02
           1          22  -1.63650513E-02
           1          23 -0.314431190    
           1          24   6.27717972E-02
           1          30  -4.60224152E-02
           2           4  -5.32398224E-02
           2           7 -0.621677399    
           2          15  0.235046387    
           2          23 -0.327453613    
           2          24 -0.326210022    
           2          30  -1.11579895E-02
   39.2293816      -74.4885406       13.3000002              18
           1           4 -0.249393463    
           1           5  0.478410721    
           1           8   1.04719734    
           1          12  0.619486809    
           1          15  0.312000275    
           1          22 -0.138913393    
           1          23 -0.513307571    
           1          24  0.132204056    
           1          29 -0.208499908    
           1          30 -0.206336021    
           2           4 -0.404241562    
           2           7  -1.27285004    
           2          15   1.01013184    
           2          22  0.413569450    
           2          23 -0.552901268    
           2          24 -0.495529175    
           2          29  0.155275345    
           2          30 -0.471051216    
   34.3697891      -74.6781158       16.6988182              17
           1           4 -0.356504440    
           1           5  0.472572327    
           1           7 -0.431808472    
           1           8   1.10067177    
           1           9 -0.119773865    
           1          12  0.169393539    
           1          15  0.486268997    
           1          22 -0.833797932    
           1          23  -8.22877884E-03
           1          29 -0.240717888    
           1          30 -0.238077164    
           2           4 -0.671211243    
           2           7 -0.229232788    
           2          22 -0.712611675    
           2          23 -0.109145164    
           2          29  0.155624390    
           2          30 -0.439886093    
   35.8295059      -68.2116089       18.2825146              10
           1           4  0.623574257    
           1          22  -1.13110018    
           1          23 -0.665112495    
           1          24  0.889176369    
           1          30  0.283462524    
           2           4  0.433170319    
           2          22  -1.13977814    
           2          23 -0.777600288    
           2          24  0.284692764    
           2          30  0.654976845    
   36.0169563      -75.1066208       9.50154972              12
           1           4   6.20298386E-02
           1           5  0.219079971    
           1           7 -0.986679077    
           1          22  0.799168825    
           1          23  0.400729656    
           1          24 -0.955142975    
           1          30  0.460814476    
           2           4 -0.217479706    
           2           7 -0.150291443    
           2          23  0.328308105    
           2          24 -0.406673431    
           2          30  0.420451164    
   35.8422546      -73.2714996       18.2000008               9
           1           4  0.458053589    
           1          22 -0.470626354    
           1          23  -9.15141106E-02
           1          30   8.66570473E-02
           2           4  0.278625488    
           2          22 -0.460130692    
           2          23 -0.105639458    
           2          24   1.74293518E-02
           2          30   8.72516632E-02
   33.1447334      -73.6212845       19.9797401               9
           1           4  0.300949097    
           1          22 -0.735288143    
           1          23  0.469987392    
           1          30  0.212387562    
           2           4  0.436834335    
           2          22 -0.654767513    
           2          23  0.464200020    
           2          24 -0.248035431    
           2          30   8.62817764E-02
   37.0657539      -74.3828430       0.00000000               9
           1           3  0.463108063    
           1           4 -0.526217461    
           1           5  0.987945557    
           1          22  -8.05249214E-02
           1          23 -0.648368835    
           1          30 -0.195940971    
           2           4  -1.24928474    
           2          23 -0.676943779    
           2          30  -8.78162384E-02
   33.8422546      -70.7714996       18.6000004              10
           1           4  0.504203796    
           1          22 -0.913437128    
           1          23   5.68208694E-02
           1          24  -9.27352905E-03
           1          30  0.361686707    
           2           4  0.406970978    
           2          22 -0.893016338    
           2          23   5.64212799E-02
           2          24  0.294057846    
           2          30  0.364695549    
   34.4540901      -72.8831177       17.5000000              10
           1           4 -0.157433510    
           1          22 -0.644443512    
           1          23  -2.65650749E-02
           1          30   7.57036209E-02
           2           4 -0.175945282    
           2          22 -0.643859386    
           2          23  -5.34629822E-02
           2          24 -0.123537064    
           2          29  0.876276016    
           2          30  0.110391617    
   34.8048630      -71.5713043       18.6152573              22
           1           3  0.251060486    
           1           4 -0.174687386    
           1           5  0.243091583    
           1           8  0.225500107    
           1           9 -0.241897583    
           1          10 -0.373720169    
           1          12  0.469492912    
           1          19  0.885679245    
           1          20  0.796251297    
           1          21  0.155435562    
           1          22  -1.27619958    
           1          23 -0.644578457    
           1          24   3.10897827E-04
           1          29  -6.35328293E-02
           1          30 -0.252206802    
           2           4  -6.42051697E-02
           2          20  0.786390305    
           2          22  -1.16677475    
           2          23 -0.653017044    
           2          24 -0.496706009    
           2          29  -1.52416229E-02
           2          30 -0.265987396    
   34.4540901      -73.3831177       17.2999992              12
           1           4 -0.228837013    
           1           7 -0.658405304    
           1          22 -0.629330873    
           1          23  -1.29852295E-02
           1          24  0.734827042    
           1          30   2.64639854E-02
           2           4 -0.302101135    
           2          22 -0.622938633    
           2          23  -3.51495743E-02
           2          24 -0.153871536    
           2          29  0.768266678    
           2          30   2.19125748E-02
   38.1767540      -74.9944611       7.50000000              11
           1           4  0.120421410    
           1          22  -3.35352421E-02
           1          23 -0.281709671    
           1          24 -0.131141663    
           1          29   9.47885513E-02
           1          30  0.231175423    
           2           4 -0.346071243    
           2          23 -0.279694557    
           2          24 -0.493728638    
           2          29   1.04034996    
           2          30  0.242210388    
   37.3272781      -73.7648544       13.2953224              10
           1           4  -4.88119125E-02
           1          22   3.41498852E-02
           1          23  -2.44207382E-02
           1          29  0.403595924    
           1          30  0.102158546    
           2           4 -0.104972839    
           2          23 -0.333506584    
           2          24 -0.466670990    
           2          29   1.14411736    
           2          30  0.111678123    
   33.4537239      -72.1593781       18.2000008               9
           1           4   5.46979904E-02
           1          22 -0.927629948    
           1          23  0.308418751    
           1          29  0.469827652    
           1          30   9.46850777E-02
           2           4  -9.61704254E-02
           2          22 -0.896126747    
           2          23  0.265156746    
           2          30  0.101808548    
   34.2374611      -73.0265961       16.7004013              22
           1           3  0.103998184    
           1           4 -0.536144257    
           1           5  0.274993896    
           1           9 -0.158260345    
           1          10 -0.821651459    
           1          12  0.765763283    
           1          18  0.265892029    
           1          20  0.523136139    
           1          21  0.403181076    
           1          22  -1.00008845    
           1          23 -0.122360706    
           1          24 -0.375377655    
           1          29 -0.136598587    
           1          30 -0.150006294    
           2           4 -0.555639267    
           2           7 -0.979049683    
           2          15   1.94257355    
           2          22 -0.914344311    
           2          23 -0.192207336    
           2          24 -0.512332916    
           2          29  -5.64098358E-02
           2          30 -0.279205322    
   34.6109505      -71.4785080       18.7325706               9
           1           4  0.288449287    
           1          22 -0.942266464    
           1          23   3.05309296E-02
           1          29  0.408994675    
           1          30  0.214292049    
           2           4  0.306816101    
           2          22 -0.845400333    
           2          23   3.83539200E-02
           2          30  0.110745430    
   35.3628502      -73.3672333       15.9401684              10
           1           4  -1.93309784E-02
           1          22 -0.433060884    
           1          23   8.92238617E-02
           1          29  0.222778320    
           1          30  0.140389919    
           2           4  -6.44187927E-02
           2          22 -0.167762756    
           2          23   2.01234818E-02
           2          29  0.837163925    
           2          30   6.71052933E-02
   34.0100021      -73.5986023       17.7999992              21
           1           4 -0.438183784    
           1           5  0.544408798    
           1           7 -0.417995453    
           1           8   1.06242752    
           1           9   4.17480469E-02
           1          10 -0.186677933    
           1          12   1.00940609    
           1          15 -0.226751328    
           1          22 -0.984130859    
           1          23  -3.38182449E-02
           1          24  -6.53905869E-02
           1          29 -0.131030083    
           1          30 -0.174014568    
           2           4 -0.447790146    
           2           7 -0.583461761    
           2          15   2.04164886    
           2          22 -0.945899963    
           2          23  -3.03678513E-02
           2          24 -0.384042740    
           2          29  0.464368820    
           2          30 -0.408701897    
   35.2526398      -72.1348190       19.1542587              10
           1           4  0.348345757    
           1           6  -1.76296234E-02
           1          22 -0.548211098    
           1          23  -1.77087784E-02
           1          30  0.235203743    
           2           4  0.380235672    
           2           6 -0.241920471    
           2          22 -0.213912487    
           2          23 -0.202057838    
           2          30  0.217894554    
   35.1761665      -71.1588593       17.1000004               9
           1           4  0.341273308    
           1           6   7.89184570E-02
           1          22 -0.709779739    
           1          23  -1.03425980E-02
           1          30  0.299930573    
           2           4  0.334432602    
           2           6 -0.181573868    
           2          22 -0.412360668    
           2          30  0.294145584    
   33.6187210      -73.1646423       17.2062054               8
           1           4  0.150034904    
           1          22 -0.472930431    
           1          23  0.269663811    
           1          30   5.32321930E-02
           2           4  -9.71050262E-02
           2          22 -0.456145287    
           2          23  0.246263504    
           2          30  0.108330727    
   13.6254053      -39.5890541       9.56863308              15
           1           4 -0.564506531    
           1           5 -0.389062881    
           1          12  0.885057926    
           1          20  0.352503777    
           1          22  -5.15928268E-02
           1          23  0.498704433    
           1          24 -0.323771000    
           1          29  -9.76943970E-03
           1          30 -0.397563219    
           2           4 -0.454846382    
           2           5 -0.536592484    
           2          12  0.779413223    
           2          24 -0.325595856    
           2          29   5.82070351E-02
           2          30 -0.431043148    
   35.2880135      -69.2704620       18.2000008              11
           1           1  -9.27066803E-03
           1           4  0.770327568    
           1           6 -0.316549778    
           1          22 -0.805128098    
           1          23 -0.147641659    
           1          30  0.508263111    
           2           1 -0.146106720    
           2           4  0.759210587    
           2           6  -6.84785843E-02
           2          22 -0.809062481    
           2          30  0.513702393    
   30.1180916      -61.6530457       10.6999998              21
           1           1 -0.307847977    
           1           4 -0.180509567    
           1           5 -0.341035843    
           1           6  0.251542091    
           1           7 -0.200447083    
           1          10 -0.153781891    
           1          11 -0.539227486    
           1          15   1.09181976    
           1          22 -0.116990805    
           1          23 -0.109355450    
           1          24 -0.107789040    
           1          29  0.434998989    
           1          30  0.278624535    
           2           1 -0.824888229    
           2           4  0.241586685    
           2           6   4.60758209E-02
           2           7 -0.842311859    
           2          11  -1.38822937    
           2          23 -0.207450867    
           2          24  0.205213547    
           2          30  0.282115459    
   36.7880135      -70.2704620       17.2000008              11
           1           1  0.299270630    
           1           4 -0.707470894    
           1           6  0.360957623    
           1          22 -0.401190758    
           1          23  -6.50172234E-02
           1          30  0.513450146    
           2           1 -0.273578644    
           2           4  0.784963608    
           2           6  0.291291237    
           2          22 -0.304360390    
           2          30  0.510527611    
   25.3366985      -48.5877075       8.50000000              11
           1           1  -1.54685974E-02
           1           4 -0.175810337    
           1          12 -0.370987892    
           1          22  0.984314442    
           1          24  0.108753204    
           1          30 -0.530801177    
           2           1 -0.251850128    
           2           4  0.355568886    
           2          12 -0.146232605    
           2          24  0.109327316    
           2          30 -0.527915001    
   43.8036118      -76.3010864       9.60792828              10
           1           4 -0.416985512    
           1           6   8.95338058E-02
           1          22   5.43448925E-02
           1          29  0.398297310    
           1          30 -0.125190735    
           2           4 -0.412895203    
           2           6   9.81864929E-02
           2          22   1.83649063E-02
           2          29  0.363086700    
           2          30   6.31542206E-02
   45.7926064      -84.9388580       11.8000002              17
           1           4  -8.48436356E-02
           1           5  -1.21726990E-02
           1           6  0.807236671    
           1           9 -0.764776230    
           1          10  -6.58760071E-02
           1          11   6.67591095E-02
           1          12  0.343841553    
           1          15  -5.38063049E-02
           1          22  0.459548950    
           1          23   6.01625443E-02
           2           4  -1.06949234    
           2           5   1.65405655    
           2           7 -0.756069183    
           2           9 -0.535377502    
           2          15  0.553272247    
           2          22  0.455976486    
           2          23  -1.15298080    
   33.9546356      -78.7187500       20.3999996               8
           1           4 -0.142385483    
           1          22 -0.701079845    
           1          23  0.613447189    
           1          30  0.230018616    
           2           4 -0.106163025    
           2          22 -0.685945511    
           2          23  0.618749619    
           2          30  -5.30796051E-02
   36.3981781      -72.9869843       14.5000000              24
           1           3  0.306137085    
           1           4  0.190702438    
           1           5  0.245035172    
           1           6   3.03168297E-02
           1           7  -1.10689163    
           1           9 -0.283262253    
           1          10  -3.34110260E-02
           1          11 -0.347381592    
           1          15  0.435892105    
           1          22 -0.169392586    
           1          23 -0.288989067    
           1          24  0.409319878    
           1          26  0.276588440    
           1          30  0.335341454    
           2           4  0.213674545    
           2           6   1.10149384E-02
           2           7 -0.742244720    
           2          11 -0.931070328    
           2          15   1.11049652    
           2          22  0.371511459    
           2          23 -0.321802139    
           2          24   8.53233337E-02
           2          26  0.419677734    
           2          30  0.319557190    
   34.4260674      -72.1609192       18.8255711               8
           1           4  0.487945557    
           1          22 -0.666234493    
           1          23  0.166202545    
           1          30  0.440676689    
           2           6 -0.428590775    
           2          22 -0.597727299    
           2          23   8.74156952E-02
           2          30  0.374018669    
   35.6763649      -73.7707367       14.5000000               9
           1           4   2.04210281E-02
           1           6   1.64699554E-02
           1          22 -0.250145197    
           1          23  -1.75070763E-02
           1          30  0.230761528    
           2           4   5.09338379E-02
           2           6 -0.325780869    
           2          22  0.360972404    
           2          30  0.168514252    
   36.1749306      -74.6019745       14.0584583              10
           1           4   1.74970627E-02
           1           6   1.71265602E-02
           1          22 -0.208404064    
           1          23  -5.98621368E-02
           1          30  0.233643055    
           2           4   5.39646149E-02
           2           6 -0.346665382    
           2          22  0.409933090    
           2          23  -6.75468445E-02
           2          30   8.14123154E-02
   36.6765137      -71.9573822       13.8579121              10
           1           5  0.398097992    
           1           6  -4.85706329E-02
           1          11  0.465559006    
           1          22 -0.383853436    
           1          23 -0.566398621    
           1          30  0.135165691    
           2           6 -0.234216690    
           2          22  0.265800953    
           2          23 -0.604523659    
           2          30  0.138134956    
   34.4539108      -74.7712555       18.3999996               8
           1           4  0.150637627    
           1           6  0.152928352    
           1          22 -0.538147926    
           1          23  0.342820168    
           1          30 -0.108239174    
           2          22 -0.509559631    
           2          23  0.358085632    
           2          30 -0.108713150    
   35.6249962      -73.2435989       14.2545538               9
           1           4  0.143381119    
           1           6   1.60379410E-02
           1          22 -0.250641823    
           1          23 -0.163048744    
           1          30  0.254272461    
           2           6 -0.275627136    
           2          22  0.111015320    
           2          23 -0.200076103    
           2          30  0.259368896    
   33.8726845      -71.3078766       18.6974506              10
           1           4 -0.266217232    
           1           5   1.02648354    
           1          15  0.741048813    
           1          22  -1.42204928    
           1          24  0.120054245    
           1          30 -0.199321747    
           2           4 -0.128221512    
           2          22  -1.32313681    
           2          24 -0.141561508    
           2          30 -0.254501343    
   29.9224606      -74.5807724       17.7466030              13
           1           4 -0.315933228    
           1           7  -9.78202820E-02
           1          20  0.897608757    
           1          22  -1.03961706    
           1          24  0.200694084    
           1          29  0.261260986    
           1          30   9.38067436E-02
           2           4 -0.262584686    
           2          20  0.630435944    
           2          22  -1.02284908    
           2          24 -0.324317932    
           2          29  0.808647156    
           2          30  -6.03103638E-03
   43.0195732      -75.2952957       14.8962336              12
           1           4  -6.85071945E-02
           1           5  0.871507645    
           1          20  0.621393204    
           1          22 -0.438778162    
           1          24 -0.203556061    
           1          29 -0.369511604    
           1          30 -0.412548065    
           2           4  0.116136551    
           2          22 -0.243326187    
           2          24 -0.603446960    
           2          29 -0.235567093    
           2          30 -0.938734055    
   34.3981781      -75.4869843       12.8000002              15
           1           4 -0.327758789    
           1           5  0.472702026    
           1           7 -0.756212234    
           1          15  0.311317444    
           1          22 -0.207807302    
           1          24  -3.85761261E-03
           1          29  0.547702789    
           1          30  -3.60865593E-02
           2           4 -0.281063080    
           2           7 -0.429439545    
           2          15   1.84535980    
           2          22  0.292854786    
           2          24 -0.800430298    
           2          29 -0.652776718    
           2          30 -0.155218124    
   33.8426094      -72.9952240       18.2999992               8
           1           5   1.28104401    
           1          22 -0.910889149    
           1          23 -0.304834843    
           1          30   9.85240936E-03
           2           4  -7.51724243E-02
           2          22 -0.810817242    
           2          23 -0.300524712    
           2          30   1.44424438E-02
   35.5661278      -75.6065979       13.1999998              11
           1           4 -0.502341270    
           1           5  0.321720123    
           1           6   9.71894264E-02
           1          22  -1.89359188E-02
           1          23  -3.55195999E-03
           1          30  0.105918884    
           2           4   2.53734589E-02
           2           6 -0.375426292    
           2          22  0.437160969    
           2          23 -0.126686096    
           2          30  0.109414101    
   34.8326950      -72.3506851       18.7331505              11
           1           4  0.213778496    
           1           5   1.24728966    
           1           6  -7.30729103E-02
           1          22  -1.00120568    
           1          23 -0.438950539    
           1          30   5.21612167E-02
           2           4  0.130552292    
           2           6 -0.227090836    
           2          22 -0.924915791    
           2          23 -0.559081078    
           2          30   5.58071136E-02
   36.6197968      -77.2131348       17.0408020              18
           1           3   8.45222473E-02
           1           4 -0.369379044    
           1           5  0.143291473    
           1           6 -0.300391197    
           1          10  -8.71658325E-04
           1          11 -0.413490295    
           1          12  0.925494194    
           1          15   6.04896545E-02
           1          20  0.728587151    
           1          22 -0.545584917    
           1          23 -0.215952873    
           1          29   3.99780273E-02
           1          30 -0.136689186    
           2           6 -0.974796295    
           2          22 -0.391626835    
           2          23 -0.321251869    
           2          29  0.153833389    
           2          30 -0.806503296    
   34.6765594      -69.8825989       19.3999996               8
           1           6  -7.83452988E-02
           1          22 -0.665573597    
           1          23   2.70891190E-02
           1          30  0.716830254    
           2           6  -8.15610886E-02
           2          22 -0.619847775    
           2          23 -0.102322578    
           2          30  0.720237732    
   27.8945770      -60.4296875       10.6000004               9
           1           4 -0.424759865    
           1          22   6.31451607E-03
           1          23   8.74586105E-02
           1          29  0.360095024    
           1          30  -2.91078091E-02
           2           4 -0.285150528    
           2          23  0.105620384    
           2          29  0.169103622    
           2          30  -1.25393867E-02
   34.5655670      -72.2709808       13.8000002               9
           1           4   2.60362625E-02
           1           6   4.51755524E-02
           1          22 -0.421138763    
           1          23   4.97264862E-02
           1          30  0.300200462    
           2           4   4.71687317E-02
           2           6 -0.430297852    
           2          22 -0.173031330    
           2          23   5.74388504E-02
   35.0661278      -74.6065979       17.5000000              10
           1           4  -7.98225403E-03
           1           6   7.64169693E-02
           1          22 -0.493937254    
           1          23  -7.91215897E-03
           1          30  0.433414936    
           2           4  0.170825958    
           2           6 -0.695693970    
           2          22 -0.255296230    
           2          23  -1.90525055E-02
           2          30  0.271203041    
   34.9461517      -74.5437698       15.1131706              15
           1           4  -7.59096146E-02
           1           5  0.645334244    
           1           7  -1.06786919    
           1          15  0.607580185    
           1          22 -0.251216173    
           1          23 -0.192130089    
           1          24  0.161932945    
           1          30  0.172275543    
           2           4 -0.147043228    
           2           7   2.66265869E-02
           2          15   2.35489273    
           2          22  0.154937267    
           2          23 -0.194616318    
           2          24 -0.242712021    
           2          30   3.48739624E-02
   36.8289528      -74.2658310       15.0641823              11
           1           4 -0.143178940    
           1           5  0.824005127    
           1           6  -1.56331062E-02
           1          22 -0.344434977    
           1          23 -0.404721737    
           1          30   8.39629173E-02
           2           4   1.66950226E-02
           2           6 -0.236474037    
           2          22  -2.54387856E-02
           2          23 -0.417923927    
           2          30 -0.207160950    
   36.6839485      -73.3801346       12.4603739               8
           1           6  0.361620903    
           1          22  0.184586525    
           1          23 -0.396843910    
           1          30  0.331530571    
           2           4 -0.480894089    
           2           6  0.196730614    
           2          23 -0.502657890    
           2          30  0.445579529    
   20.1681747      -46.2528381       8.39999962              12
           1           4 -0.115498066    
           1          12  0.322357178    
           1          23  0.250001431    
           1          24 -0.381977081    
           1          29 -0.261963129    
           1          30  0.187080264    
           2           4   9.38577652E-02
           2          12  0.338212013    
           2          22   2.54932880    
           2          23  0.435209274    
           2          24  -9.91563797E-02
           2          30  0.178241730    
   34.8427849      -76.1071167       18.8999996               8
           1           4  0.167765617    
           1          22 -0.444010019    
           1          23  -2.16045380E-02
           1          30  0.297848701    
           2           4  0.141775131    
           2          22 -0.428241730    
           2          23   9.84668732E-03
           2          30  -7.70826340E-02
   35.8422546      -74.2714996       17.6000004              10
           1           4  0.276235580    
           1           6 -0.276190758    
           1          22 -0.258330107    
           1          23 -0.100466251    
           1          30  0.358751774    
           2           4  0.291917801    
           2           6 -0.267209053    
           2          22 -0.116843700    
           2          23  -9.84764099E-02
           2          30  0.192193985    
   33.0079803      -76.6602936       3.19999981               8
           1           4 -0.963182449    
           1           6  0.990156174    
           1          23  -3.86142731E-02
           1          30   1.16410255E-02
           2           4 -0.941766739    
           2           6  -1.62109280    
           2          23  0.510000229    
           2          30  -6.45656586E-02
   37.4183769      -73.9784775       15.6088305              10
           1           4  0.280634880    
           1           6   4.33773994E-02
           1          22 -0.231661797    
           1          23 -0.433284760    
           1          30  0.340933800    
           2           4  0.363504410    
           2           6  -2.98376083E-02
           2          22  0.332595348    
           2          23 -0.430161476    
           2          30   2.60095596E-02
   35.7920418      -71.1485901       19.6258526              16
           1           4  0.346048355    
           1           5   1.12102699    
           1           7 -0.723680496    
           1          10   8.00323486E-03
           1          11  -9.87224579E-02
           1          22 -0.843796730    
           1          23 -0.676735878    
           1          24  0.621758461    
           1          30  0.246100903    
           2           4  0.680122375    
           2           7   7.15827942E-02
           2          11 -0.705991745    
           2          22 -0.742619038    
           2          23 -0.738615990    
           2          24  0.448829651    
           2          30  0.170207977    
   35.5659409      -72.4947052       18.5000000              10
           1           4  -2.71797180E-03
           1           6  0.403214931    
           1          22 -0.366453171    
           1          23 -0.240510464    
           1          30  0.206467152    
           2           4   2.41088867E-03
           2           6  -9.75036621E-02
           2          22 -0.365940571    
           2          23 -0.231836319    
           2          30  0.378024101    
   35.5659409      -71.9947052       18.5000000               9
           1           4   3.41262817E-02
           1           6  0.414933681    
           1          22 -0.393761635    
           1          23 -0.283591270    
           1          30  0.228292465    
           2           4  -2.32124329E-03
           2           6 -0.244950294    
           2          22 -0.379731178    
           2          23 -0.272441864    
   36.7338181      -70.0140305       18.8389797              10
           1           4  0.530284882    
           1           6  0.525347710    
           1          22 -0.721358299    
           1          23 -0.703346252    
           1          30  0.369071484    
           2           4  0.413820267    
           2           6  0.295425415    
           2          22 -0.613976002    
           2          23 -0.833356857    
           2          30  0.499754906    
   36.0659409      -68.4947052       17.0000000               9
           1           4  0.553399086    
           1           6  0.448958874    
           1          22 -0.681821823    
           1          23 -0.791493893    
           1          30  0.470958233    
           2           4  0.560953140    
           2           6  0.173404694    
           2          22 -0.338920116    
           2          23 -0.775362015    
   37.8971901      -71.0919800       18.4409943              10
           1           4  0.573793411    
           1           6  0.665398121    
           1          22 -0.583343267    
           1          23 -0.948729992    
           1          30  0.292882442    
           2           4  0.636589050    
           2           6  0.452320099    
           2          22 -0.460539341    
           2          23 -0.991696358    
           2          30  0.289043427    
   37.0097809      -75.4866791       14.1999998              23
           1           4  -3.29475403E-02
           1           5  0.412916183    
           1           6  -1.04403496E-02
           1           7 -0.804954529    
           1           9   3.02181244E-02
           1          10   4.51011658E-02
           1          11 -0.532175064    
           1          12  0.456821442    
           1          15  0.427654266    
           1          22 -0.100987434    
           1          23 -0.413469791    
           1          24  0.376317978    
           1          30  0.145945072    
           2           4  -6.95228577E-03
           2           6 -0.298688889    
           2           7 -0.439357758    
           2           9  0.450428009    
           2          11  -1.28563881    
           2          15   1.51607513    
           2          22  0.447380543    
           2          23 -0.533841133    
           2          24 -0.951200485    
           2          30 -0.242834091    
   36.6688881      -71.6654205       18.4375248              19
           1           4   5.59349060E-02
           1           5  0.620586395    
           1           6  -5.83305359E-02
           1          10 -0.113491058    
           1          11 -0.273590088    
           1          12   1.03715801    
           1          15  0.876544952    
           1          22  -1.01025105    
           1          23 -0.984747410    
           1          24  0.509989738    
           1          30 -0.126289368    
           2           4  0.457153320    
           2           6 -0.407097816    
           2           7 -0.533512115    
           2          11 -0.603040695    
           2          22 -0.885363102    
           2          23  -1.29200649    
           2          24   8.90483856E-02
           2          30  -2.26259232E-02
   36.4472542      -71.5059891       18.7072887              11
           1           4  0.593501091    
           1           6  0.638443947    
           1           7 -0.564821243    
           1          22 -0.528598785    
           1          23 -0.546234608    
           1          30  0.407709122    
           2           6   7.39669800E-02
           2           7 -0.151580811    
           2          22 -0.430006981    
           2          23 -0.739985466    
           2          30  0.421717644    
   43.1118774      -72.1294632       24.8815670              16
           1           2  0.440404892    
           1           3  0.305339813    
           1           4  0.313721657    
           1           5  0.416084290    
           1           6  0.439874649    
           1           7  -1.65681648    
           1           8  0.641489029    
           1           9 -0.512954712    
           1          12  0.290139198    
           1          15 -0.677278519    
           2           2 -0.261127472    
           2           4  0.323503494    
           2           6  0.407965660    
           2           7  -1.43641663    
           2           9 -0.711845398    
           2          15   1.12879944    
   39.1148605      -72.9178772       16.9175034              27
           1           4  0.142306328    
           1           5  0.383535385    
           1           6  0.301473141    
           1           8  0.320581436    
           1           9 -0.933418274    
           1          10 -0.133470535    
           1          11 -0.290025711    
           1          12  0.826408386    
           1          14  0.812589645    
           1          19  -4.06837463E-03
           1          21  0.621939659    
           1          22 -0.599062920    
           1          23  -1.23350000    
           1          24  0.257526398    
           1          29 -0.180439949    
           1          30   7.80582428E-03
           2           4 -0.283576965    
           2           6  0.187004089    
           2           7  -1.12434387    
           2           9   6.76918030E-02
           2          11 -0.978544235    
           2          15  0.824161530    
           2          22 -0.373903751    
           2          23  -1.56244946    
           2          24  -1.77001953E-02
           2          29  0.667753220    
           2          30 -0.252228737    
   36.8398743      -74.2780762       14.6313696              10
           1           4  0.221134186    
           1           6  0.362883568    
           1          22 -0.120213509    
           1          23 -0.728845119    
           1          30  0.265041351    
           2           4  0.286247253    
           2           6  -4.27761078E-02
           2          22  0.345960617    
           2          23 -0.728713036    
           2          30   9.08918381E-02
   38.3986092      -73.7107697       7.80000019              25
           1           3 -0.523237228    
           1           4  0.206514359    
           1           5  0.196765900    
           1           6  0.576903343    
           1           9  -1.01974487    
           1          11 -0.361625671    
           1          12  0.665163040    
           1          19  0.824241638    
           1          23 -0.243033409    
           1          24   5.39035797E-02
           1          26  0.382966995    
           1          29  0.440730095    
           1          30  0.365388870    
           2           4 -0.203712463    
           2           5   2.61970901    
           2           6  0.525946617    
           2           7  -1.54590225    
           2           9  -7.83576965E-02
           2          11  -1.29955101    
           2          15  -1.90315247E-02
           2          23 -0.257944107    
           2          24  -5.31520844E-02
           2          26  0.456253052    
           2          29  0.614454269    
           2          30  0.396373749    
   34.7708130      -71.4014893       18.0863552              16
           1           4  0.234610558    
           1           5   1.33025551    
           1           6   1.09524727E-02
           1           7 -0.420946121    
           1          10  0.114297867    
           1          15 -0.587806702    
           1          22 -0.919280529    
           1          23  -4.14133072E-02
           1          30  0.279329777    
           2           4  0.377279282    
           2           6 -0.542935371    
           2           7 -0.237167358    
           2          15   2.93916702    
           2          22 -0.744334221    
           2          23 -0.221959114    
           2          30  0.213303566    
   36.1763649      -73.7707367       14.0000000              10
           1           4   6.90259933E-02
           1           6   3.37252617E-02
           1          22 -0.233573914    
           1          23  -3.68919373E-02
           1          30  0.167715073    
           2           4  0.106138229    
           2           6 -0.153871536    
           2          22  0.431719303    
           2          23  -3.39202881E-02
           2          30  0.103910446    
   18.3888435      -22.1257782       13.8999996              12
           1           4 -0.390539646    
           1           5 -0.132297516    
           1          12   9.17549133E-02
           1          20  0.425858498    
           1          24  -2.06327438E-02
           1          29   2.58564949E-02
           2           4 -0.168458462    
           2           5 -0.549448013    
           2          12   9.14402008E-02
           2          20  0.849417686    
           2          24 -0.309617043    
           2          29  -5.05852699E-02
   36.5115166      -76.3817749       17.7000008              23
           1           3  0.563985825    
           1           4 -0.303169250    
           1           5  0.327880859    
           1           6  -1.59807158    
           1           7 -0.301057816    
           1           8  0.732391357    
           1          12  0.790277481    
           1          15  0.348686218    
           1          16  -8.76245499E-02
           1          20  0.906405449    
           1          22 -0.737161875    
           1          23 -0.272927761    
           1          24 -0.259080887    
           1          30 -0.110533714    
           2           4 -0.639331818    
           2           6 -0.730667114    
           2           7   3.42636108E-02
           2          16  -8.29048157E-02
           2          20  0.906946182    
           2          22 -0.207118511    
           2          23 -0.377921104    
           2          24 -0.424383163    
           2          30 -0.121850014    
   38.6769447      -77.1063538       9.69999981              13
           1           4 -0.482254982    
           1           5   1.22290993    
           1           6  -4.27007675E-03
           1          16  -1.20520592E-02
           1          22   8.22162628E-03
           1          23 -0.484121323    
           1          29  -2.44693756E-02
           1          30 -0.223963261    
           2           4 -0.419008255    
           2           6 -0.206438065    
           2          16   7.03325272E-02
           2          23 -0.712182999    
           2          30 -0.219916344    
   42.3569946      -80.5293274       10.9458675              29
           1           3  -2.73609161E-02
           1           4  -1.36547089E-02
           1           5   5.05657196E-02
           1           7  -1.09688950    
           1           8  -1.16299057    
           1           9  0.195793152    
           1          10  0.289321899    
           1          11  0.127124786    
           1          12  0.240581512    
           1          15  -1.02169800    
           1          16  0.468389511    
           1          20  0.761766434    
           1          21  0.397245407    
           1          22  0.477950811    
           1          23  -2.67658234E-02
           1          24  -7.22770691E-02
           1          29   6.49957657E-02
           1          30  0.347900867    
           2           3   2.66718674    
           2           4  0.190485001    
           2           9  0.776546478    
           2          11  -1.18018341    
           2          15 -0.183189392    
           2          16  0.509963989    
           2          20  0.838705063    
           2          23 -0.391801834    
           2          24 -0.169168472    
           2          29  0.544193268    
           2          30  0.255131721    
   40.7890053      -80.3298035       13.6000004               9
           1           4 -0.265572548    
           1          16  0.374040127    
           1          22   5.66816330E-03
           1          23 -0.225636482    
           1          30  0.111500740    
           2           4  0.460023880    
           2          16  0.377367973    
           2          23 -0.162082672    
           2          30   5.10501862E-02
   15.9742289      -38.3107605       10.7420502              14
           1           4 -0.333057404    
           1          16 -0.348429680    
           1          20  0.564004898    
           1          22  0.432213306    
           1          23   3.70697975E-02
           1          24   6.82697296E-02
           1          29 -0.289855957    
           1          30 -0.130214453    
           2           4  -7.42044449E-02
           2          16  0.279657364    
           2          20  0.790799141    
           2          23   2.50101089E-02
           2          24 -0.311946869    
           2          29 -0.290763378    
   38.2876053      -71.0467072       13.3000002               8
           1           4  -5.18636703E-02
           1          16  0.305641174    
           1          22 -0.510937452    
           1          30  0.257160187    
           2           4  0.213640213    
           2          16  0.291399002    
           2          22 -0.496786118    
           2          30   8.89797211E-02
   34.6953659      -73.7626190       21.0037308               8
           1           4  0.209955215    
           1          22 -0.823547125    
           1          23  0.223029137    
           1          30  0.390563488    
           2           4  0.206769943    
           2          22 -0.750182629    
           2          23  0.198996544    
           2          30  0.333805084    
   4.77797508      -24.4626007       4.10000038              13
           1           4 -0.427142143    
           1           5  0.706425667    
           1          12 -0.845852613    
           1          20  0.306181431    
           1          23  0.254524231    
           1          29  -3.29566002E-02
           1          30   3.88202667E-02
           2           4 -0.426984787    
           2           5  -9.99202728E-02
           2          12   1.21120834    
           2          23  0.231848717    
           2          29   3.31308842E-02
           2          30   3.51510048E-02
   35.0030289      -76.0028229       19.4139671               8
           1           4  0.134217262    
           1          22 -0.651741028    
           1          23  0.287025452    
           1          30  0.230498791    
           2           4  0.209413528    
           2          22 -0.586716652    
           2          23  0.279186249    
           2          30  0.133091927    
   35.3427849      -76.6071167       12.6999998               9
           1           4  -3.02534103E-02
           1          16   3.39956284E-02
           1          22  -1.01876259E-03
           1          23 -0.131908894    
           1          30  0.129185200    
           2           4 -0.117570877    
           2          16 -0.298351288    
           2          23 -0.130390167    
           2          30  0.153470993    
   34.3424339      -73.8833618       18.0000000              10
           1           4   9.93013382E-02
           1          16  0.107457638    
           1          22 -0.536946774    
           1          23  0.187803268    
           1          30  0.142384529    
           2           4 -0.147457123    
           2          16  0.116409302    
           2          22 -0.529079437    
           2          23  0.142995834    
           2          30  0.155783653    
   33.9540901      -72.3831177       21.0000000              10
           1           4  0.338156700    
           1          16  -5.34973145E-02
           1          22  -1.07154059    
           1          23  0.152741432    
           1          30  0.219403744    
           2           4  0.292974472    
           2          22  -1.06350899    
           2          23  0.117770195    
           2          24  0.414735794    
           2          30  0.221094131    
   35.1723442      -76.2187958       15.4213276               9
           1           4   7.08799362E-02
           1          16   2.41608620E-02
           1          22 -0.284504652    
           1          23  -4.01167870E-02
           1          30  0.229581356    
           2           4  -4.93621826E-03
           2          16   5.56430817E-02
           2          23 -0.103630066    
           2          30  0.294856071    
   39.9599953      -80.9524765       20.2138844               8
           1          16  0.347321987    
           1          22 -0.505966187    
           1          23   5.56411743E-02
           1          30  0.103003502    
           2          16  0.329067230    
           2          22 -0.251523018    
           2          23   7.32088089E-02
           2          30   6.37235641E-02
   35.9537239      -71.6593781       12.3000002               9
           1           4  -1.98621750E-02
           1          16  0.120021343    
           1          22  -1.82671547E-02
           1          23 -0.190896511    
           1          30  0.109004021    
           2           4 -0.104904175    
           2          16   9.29002762E-02
           2          23 -0.195658684    
           2          30  0.244172096    
   35.6739197      -76.2954025       18.8170738               8
           1          16  0.446655273    
           1          22 -0.770573616    
           1          23  0.321813583    
           1          30   2.10475922E-03
           2          16  -4.45013046E-02
           2          22 -0.153789997    
           2          23  0.463268280    
           2          30 -0.220235825    
   34.2307777      -74.3836060       17.0000000              10
           1           4   4.68063354E-03
           1          16  0.208504200    
           1          22 -0.445103407    
           1          23  0.120754719    
           1          30  0.111164093    
           2           4   1.89514160E-02
           2          16  0.115454674    
           2          22 -0.245678902    
           2          23  0.126279831    
           2          30 -0.170024872    
   43.9752960      -90.1809998       16.6929188              13
           1           4 -0.137593269    
           1           5  0.111196518    
           1           7 -0.793724060    
           1          15  0.291500092    
           1          16  0.110038757    
           1          22  0.191545486    
           1          23  -4.68711853E-02
           1          30  0.273907661    
           2           4 -0.155580521    
           2           7  -9.09919739E-02
           2          16  0.125392914    
           2          23 -0.171354294    
           2          30  0.323966980    
   23.5003071      -51.4934082       19.8205929              29
           1           4 -0.359368324    
           1           5 -0.393503189    
           1           7 -0.251119614    
           1           8  0.362268448    
           1           9  0.372220993    
           1          11 -0.306203842    
           1          12  -8.39958191E-02
           1          15 -0.755317688    
           1          16  0.598264694    
           1          18  0.168227196    
           1          19  0.714657784    
           1          20  0.381086349    
           1          21  0.446632385    
           1          22   5.27920723E-02
           1          23   5.30209541E-02
           1          24 -0.314239502    
           1          29 -0.685421467    
           2           4 -0.375853539    
           2           5 -0.973878860    
           2           8 -0.199075699    
           2          11  -1.25547409    
           2          12  -7.77225494E-02
           2          15   1.66103745    
           2          16  0.452121735    
           2          18   4.10594940E-02
           2          21   1.31434822    
           2          23 -0.534792900    
           2          24 -0.249135971    
           2          29 -0.340143204    
   34.8424339      -72.8833618       17.0000000               8
           1          16   4.61807251E-02
           1          22 -0.398896933    
           1          23   2.21490860E-03
           1          30  0.350501537    
           2          16 -0.102115631    
           2          22  -3.87482643E-02
           2          23   5.31435013E-02
           2          30  0.195230484    
   21.6140594      -48.9238129       5.00000000              10
           1           4 -0.263923645    
           1          16   4.44936752E-02
           1          22   4.35075760E-02
           1          23   1.53064728E-03
           1          30  -2.21347809E-02
           1          31  0.196527481    
           2           4  0.448657990    
           2          16  0.102968216    
           2          23   3.99312973E-02
           2          31  0.211425781    
   21.2255898      -48.9236603       4.30000019               9
           1           4 -0.331545830    
           1          16   1.02796555E-02
           1          22  -2.84700394E-02
           1          23  0.112809181    
           1          29  0.233798504    
           1          30   3.12805176E-03
           2           4  0.470672607    
           2          16   8.17766190E-02
           2          23   9.60769653E-02
   21.2430744      -50.4006615     -0.610522270               9
           1           4 -0.621656895    
           1          16  0.104331970    
           1          22  0.100028515    
           1          23  0.255457878    
           1          29  0.213923931    
           1          30  -5.20845652E-02
           2           4 -0.199084282    
           2          16  0.435097694    
           2          23  0.262010574    
   34.3282547      -72.8085709       19.3914604               9
           1           4  0.232419014    
           1          16  0.189154625    
           1          22 -0.814256668    
           1          23  0.210023880    
           1          30  0.182659149    
           2          16  0.146232605    
           2          22 -0.729565620    
           2          23  0.211711884    
           2          30  0.125189781    
   34.3413544      -67.2120819       10.8999996               9
           1           6  0.240562439    
           1          16   2.71883011E-02
           1          22  -1.21097565E-02
           1          23 -0.299955368    
           1          30   4.43143845E-02
           2           6  0.149988174    
           2          16  0.107252121    
           2          23 -0.488892555    
           2          30   7.63664246E-02
   36.3663483      -82.9671936       25.1902504               8
           1          16  0.395513535    
           1          22 -0.862595081    
           1          23  0.432320595    
           1          30   3.47614288E-02
           2          16  0.338808060    
           2          22 -0.579976082    
           2          23  0.431379318    
           2          30  -4.47082520E-03
   37.7880135      -72.7704620       14.6999998              10
           1           6   4.08067703E-02
           1          16  0.105164051    
           1          22 -0.268035173    
           1          23  -7.92722702E-02
           1          30  0.201336861    
           2           6 -0.164022446    
           2          16  0.105382919    
           2          22  0.140944004    
           2          23  -7.81593323E-02
           2          30  0.228878021    
   35.6771393      -77.7182312       15.0000000               9
           1           6 -0.407255173    
           1          16  0.342718601    
           1          22  -3.40709686E-02
           1          23 -0.120562553    
           1          30  0.219170094    
           2           6 -0.321475029    
           2          16  0.343480110    
           2          23  -5.40981293E-02
           2          30  0.123447418    
   34.3460083      -76.2603989       20.7541084               8
           1          16  0.508540154    
           1          22 -0.996248722    
           1          23  0.375811577    
           1          30  0.111896992    
           2          16  0.405728340    
           2          22 -0.892412186    
           2          23  0.370089531    
           2          30   4.14361954E-02
   26.3492279      -56.6163177       10.2442055              11
           1           6 -0.106816769    
           1          22  0.166165113    
           1          23  0.156563759    
           1          29   1.17840767E-02
           1          30 -0.152414322    
           1          31  -7.52820969E-02
           2           6 -0.143169403    
           2          23  -5.42163849E-03
           2          29  0.318452835    
           2          30 -0.190685272    
           2          31 -0.259555817    
   25.6716404      -55.4824982       8.60000038               9
           1           6 -0.140595913    
           1          22  -2.63395309E-02
           1          23  -5.16700745E-03
           1          30   4.98485565E-02
           1          31  0.122254372    
           2           6 -0.367225647    
           2          23  -6.99710846E-03
           2          30   5.65299988E-02
           2          31  -9.03797150E-02
   36.1777039      -80.5538177       18.1000004               8
           1          16  0.324583530    
           1          22 -0.378180981    
           1          23   3.63588333E-03
           1          30   4.99610901E-02
           2          16  0.263783455    
           2          22  0.259081364    
           2          23   2.81686783E-02
           2          30  -9.30767059E-02
   22.4949570      -49.0164909       6.00184250              13
           1           6  -7.03444481E-02
           1          12  0.580525398    
           1          16  -6.33754730E-02
           1          22 -0.171404839    
           1          23 -0.107348919    
           1          30 -0.340638041    
           1          31  0.172587395    
           2           6 -0.236912727    
           2          12  0.579565048    
           2          16  -2.50673294E-02
           2          23 -0.159820557    
           2          30 -0.266412258    
           2          31 -0.213929176    
   36.1761665      -71.6588593       13.6000004              10
           1           6  0.121510506    
           1          16  0.312928200    
           1          22 -0.646012068    
           1          23   5.92756271E-03
           1          30  0.205646515    
           2           6  -6.79397583E-02
           2          16  0.317469597    
           2          22 -0.352728844    
           2          23 -0.164431572    
           2          30  0.275089264    
   33.6775169      -78.9419403       20.8999996               8
           1          16  0.210101128    
           1          22 -0.696362972    
           1          23  0.312266350    
           1          30  0.173995018    
           2          16  0.202979088    
           2          22 -0.348009586    
           2          23  0.316659927    
           2          30  0.151597023    
   34.3418999      -68.5477448       18.3999996               8
           1          16  0.138824463    
           1          22 -0.615707159    
           1          23   7.21168518E-03
           1          30  0.469670773    
           2          16 -0.270353317    
           2          22 -0.443058014    
           2          23   5.59034348E-02
           2          30  0.472084999    
   33.8415375      -68.8239594       12.3000002               8
           1           4  -1.27296448E-02
           1           6  -2.85153389E-02
           1          22  -2.89399624E-02
           1          23 -0.119862080    
           1          30  0.190046787    
           2           6  -3.26108932E-02
           2          23  -7.78989792E-02
           2          30   1.89456940E-02
   28.3947411      -59.5415955       9.80000019              10
           1           4 -0.397648811    
           1           6   3.21464539E-02
           1          22   7.32994080E-03
           1          23   3.88817787E-02
           1          30  0.286655426    
           1          31   3.26347351E-02
           2           6 -0.209769249    
           2          23 -0.208318710    
           2          30  0.422896385    
           2          31 -0.168937683    
   13.7113352      -38.7504120       5.45700073              10
           1           4 -0.313317776    
           1          22  -4.22997475E-02
           1          23  0.380349159    
           1          24   7.31372833E-03
           1          29  -5.15794754E-03
           1          30  -2.68883705E-02
           2           4 -0.231195450    
           2          23  0.358038902    
           2          24  -3.61213684E-02
           2          30  -3.42657566E-02
   23.0614033      -51.9010506       2.85698628               9
           1           4 -0.657152653    
           1          22  0.799858570    
           1          23  0.267665386    
           1          29  -5.35154343E-02
           1          30 -0.356855631    
           2           4 -0.335342407    
           2          23  0.306846619    
           2          29   8.40187073E-04
           2          30 -0.364838839    
   21.7255898      -49.9236603       10.1999998              11
           1           4 -0.169279575    
           1          22   9.49287415E-02
           1          23  0.305149555    
           1          29   8.11314583E-02
           1          30 -0.667131782    
           1          31  0.355201721    
           2           4  0.149516106    
           2          23  0.296045303    
           2          29  0.595215797    
           2          30 -0.666831970    
           2          31   2.11362839E-02
   22.2255898      -49.9236603       9.10000038               9
           1           4 -0.231606007    
           1          22  0.293729782    
           1          23  0.261782169    
           1          29   3.72934341E-03
           1          30 -0.532415390    
           2           4  0.228948593    
           2          23  0.237710953    
           2          24  0.204779625    
           2          30 -0.522426128    
   20.1140594      -50.4238129       9.39999962               9
           1           4 -0.426703453    
           1          22  -6.45403862E-02
           1          23  0.596944332    
           1          30 -0.535484433    
           1          31  0.429783821    
           2           4   8.79144669E-02
           2          23  0.598114967    
           2          30 -0.507014036    
           2          31  0.423942566    
   22.8130341      -50.4290466       8.16783237              14
           1           4 -0.269392967    
           1           6   1.27549171E-02
           1          22  0.466760635    
           1          23  0.259789944    
           1          29  -6.29267693E-02
           1          30 -0.474490285    
           1          31   6.59065247E-02
           2           4  0.170493126    
           2           6 -0.179856300    
           2          23  0.140101433    
           2          24   1.59835815E-03
           2          29   1.44148350    
           2          30 -0.518174887    
           2          31 -0.279499054    
   30.2752647      -4.05722046       13.1000004              15
           1           4 -0.166238070    
           1          12 -0.109066963    
           1          19  0.490113735    
           1          20   5.26332855E-03
           1          24 -0.576452494    
           1          29  0.312770367    
           1          30  0.334409714    
           1          31 -0.290800095    
           2           4 -0.135725975    
           2          12 -0.108534813    
           2          19  0.740074158    
           2          24 -0.913089991    
           2          29  0.378589630    
           2          30 -0.454625130    
           2          31 -0.687481880    
   18.8916187      -46.7002563       8.69999981              12
           1           4 -0.217634678    
           1          16  0.141357422    
           1          23   1.22632980E-02
           1          29  0.156863213    
           1          30 -0.376761913    
           1          31  0.283912659    
           2           4  0.375515938    
           2          16  0.165802956    
           2          23  -6.36568069E-02
           2          29  0.972164154    
           2          30 -0.374999285    
           2          31  0.188147545    
   23.3372574      -50.0354004       8.10000038              31
           1           4 -0.338294506    
           1           5 -0.618003845    
           1           6  -4.50139046E-02
           1           8  0.199514389    
           1          11 -0.649496078    
           1          12  0.282141685    
           1          15  0.387407303    
           1          16  0.301177979    
           1          18  -5.32369614E-02
           1          19  0.662282944    
           1          20  0.708653450    
           1          23  -1.36022568E-02
           1          24 -0.218843460    
           1          29  -8.68711472E-02
           1          30 -0.491531610    
           1          31  -2.62832642E-02
           2           4  0.266909599    
           2           5  -1.05859566    
           2           6   3.54871750E-02
           2           8  -7.88097382E-02
           2          11  -1.40212631    
           2          12  0.101650238    
           2          15   1.71060944    
           2          16  0.414013863    
           2          18  0.231504440    
           2          20   1.45672226    
           2          23 -0.111113548    
           2          24  -2.00223923E-02
           2          29  0.944329262    
           2          30 -0.503592730    
           2          31 -0.492668152    
   25.3372574      -50.5354004       8.00000000              10
           1           4   3.70216370E-03
           1          16  0.519845009    
           1          23  -7.18688965E-03
           1          29  -4.66442108E-02
           1          30 -0.469715476    
           2           4  0.413580894    
           2          16  0.721022606    
           2          23 -0.264931679    
           2          29  0.447992325    
           2          30 -0.461229801    
   31.7302628      -69.5479889       21.1000004               8
           1           6  0.267975807    
           1          16 -0.108707905    
           1          23   1.49908066E-02
           1          30 -0.174258232    
           2           6  -1.22665977    
           2          16 -0.107018471    
           2          23   1.32675171E-02
           2          30   6.15434647E-02
   37.3074341      -71.0569458       11.6524057              16
           1           4 -0.100448608    
           1           6  0.333170891    
           1          16   2.56433487E-02
           1          23 -0.182794094    
           1          24 -0.814738274    
           1          29  0.422115326    
           1          30  0.142796993    
           1          31  0.174255371    
           2           4 -0.108907700    
           2           6 -0.151752472    
           2          16   5.54513931E-02
           2          23 -0.228892326    
           2          24 -0.293201447    
           2          29  0.689451218    
           2          30  0.194611549    
           2          31 -0.291910172    
   22.3971081      -49.4755516       10.7290554              16
           1           4 -0.117645264    
           1           5  0.226915359    
           1           6  -1.83906555E-02
           1          16  0.343640327    
           1          23  0.106421947    
           1          29   4.49128151E-02
           1          30 -0.843055248    
           1          31  0.257201195    
           2           4  0.364745140    
           2           5 -0.479505539    
           2           6  -9.65232849E-02
           2          16  0.378930092    
           2          23 -0.214341164    
           2          29  0.861091614    
           2          30 -0.868454218    
           2          31 -0.218017578    
   26.6323776      -54.8662567       11.1321278              11
           1           6 -0.100200176    
           1          16  -5.07674217E-02
           1          22 -0.305473566    
           1          23  -5.97839355E-02
           1          30  0.158202410    
           1          31  0.358022690    
           2           6 -0.158331871    
           2          16   3.57007980E-02
           2          23 -0.169627190    
