           0           0           0           0
           0           0           0           1           0           0           0
           0           0           0           2           0           0           0
           0           0           0           3           0           0           4           0           0           5           0           0           0
           0           0           0           6           0           0           7           0           0           8           0           0           9           0           0          10           0           0          11           0           0          12           0           0          13           0           0          14           0           0          15           0           0           0
           0           0           0          16           0           0          17           0           0          18           0           0          19           0           0          20           0           0          21           0           0          22           0           0          23           0           0          24           0           0          25           0           0          26          27           0           0          28          29          30          31           0           0          32          33          34          35           0           0          36           0           0           0
           0           0           0          37           0           0          38           0           0          39           0           0          40           0           0          41           0           0          42           0           0          43           0           0          44           0           0          45           0           0          46           0           0          47           0           0          48           0           0          49           0           0          50           0           0          51          52           0           0          53          54          55           0           0          56          57          58           0           0          59          60          61          62           0           0          63          64          65           0           0           0
           0           0           0          66           0           0          67           0           0          68           0           0          69           0           0          70           0           0          71           0           0          72           0           0          73           0           0          74           0           0          75           0           0          76           0           0          77           0           0          78           0           0          79           0           0          80          81           0           0          82          83           0           0          84          85          86           0           0          87          88           0           0          89          90          91           0           0          92          93          94          95           0           0          96          97          98           0           0          99           0           0         100           0           0           0
           0           0           0         101           0           0         102           0           0         103           0           0         104           0           0         105           0           0         106           0           0         107           0           0         108           0           0         109           0           0         110           0           0         111           0           0         112           0           0         113           0           0         114           0           0         115           0           0         116         117           0           0         118         119           0           0         120         121           0           0         122         123           0           0         124         125           0           0         126           0           0         127         128         129           0           0         130         131         132           0           0         133         134         135           0           0         136         137           0           0         138           0           0           0
           0           0           0         139           0           0         140           0           0         141           0           0         142           0           0         143           0           0         144           0           0         145           0           0         146           0           0         147           0           0         148           0           0         149           0           0         150           0           0         151           0           0         152           0           0         153           0           0         154         155           0           0         156         157           0           0         158         159           0           0         160         161           0           0         162           0           0         163           0           0         164           0           0         165         166         167           0           0         168         169         170           0           0         171         172         173           0           0         174         175           0           0         176           0           0         177           0           0           0
           0           0           0         178           0           0         179           0           0         180           0           0         181           0           0         182           0           0         183           0           0         184           0           0         185           0           0         186           0           0         187           0           0         188           0           0         189           0           0         190           0           0         191           0           0         192           0           0         193           0           0         194         195           0           0         196         197           0           0         198         199           0           0         200           0           0         201           0           0         202           0           0         203           0           0         204         205           0           0         206         207         208           0           0         209         210         211           0           0         212         213         214           0           0         215         216         217           0           0         218         219           0           0         220           0           0           0
           0           0           0         221           0           0         222           0           0         223           0           0         224           0           0         225           0           0         226           0           0         227           0           0         228           0           0         229           0           0         230           0           0         231           0           0         232           0           0         233           0           0         234         235           0           0         236           0           0         237         238           0           0         239         240           0           0         241         242           0           0         243         244           0           0         245         246           0           0         247         248           0           0         249           0           0         250         251           0           0         252           0           0         253           0           0         254           0           0         255         256           0           0         257         258         259           0           0         260         261         262           0           0         263         264         265           0           0         266         267         268           0           0         269         270           0           0         271         272           0           0         273           0           0           0
           0           0           0         274           0           0         275           0           0         276         277           0           0         278         279           0           0         280           0           0         281           0           0         282           0           0         283           0           0         284           0           0         285           0           0         286           0           0         287           0           0         288         289           0           0         290         291           0           0         292         293           0           0         294         295           0           0         296         297           0           0         298         299           0           0         300         301           0           0         302         303           0           0         304           0           0         305         306           0           0         307           0           0         308           0           0         309         310           0           0         311         312           0           0         313         314           0           0         315         316         317         318           0           0         319         320         321         322           0           0         323         324         325         326           0           0         327         328         329           0           0         330         331         332           0           0         333         334           0           0         335           0           0         336           0           0           0
           0           0           0         337           0           0         338           0           0         339           0           0         340         341           0           0         342         343         344           0           0         345         346         347           0           0         348         349           0           0         350         351           0           0         352         353           0           0         354           0           0         355         356           0           0         357         358           0           0         359         360           0           0         361         362         363           0           0         364         365         366           0           0         367         368         369         370           0           0         371         372         373         374           0           0         375         376         377         378           0           0         379         380         381         382           0           0         383         384         385           0           0         386         387           0           0         388         389           0           0         390         391           0           0         392         393           0           0         394         395           0           0         396         397           0           0         398         399           0           0         400         401           0           0         402         403         404           0           0         405         406         407           0           0         408         409         410         411           0           0         412         413         414         415           0           0         416         417         418         419           0           0         420         421         422           0           0         423         424         425         426           0           0         427         428           0           0         429           0           0           0
           0           0           0         430           0           0         431           0           0         432           0           0         433           0           0         434           0           0         435           0           0         436         437           0           0         438         439         440         441           0           0         442         443         444         445           0           0         446         447         448         449         450           0           0         451         452         453         454           0           0         455         456         457           0           0         458         459         460           0           0         461         462         463           0           0         464         465         466           0           0         467         468         469         470           0           0         471         472         473         474           0           0         475         476         477         478         479           0           0         480         481         482         483         484           0           0         485         486         487         488         489           0           0         490         491         492         493         494         495           0           0         496         497         498         499         500           0           0         501         502         503         504         505           0           0         506         507         508         509           0           0         510         511         512         513           0           0         514         515         516           0           0         517         518         519           0           0         520         521           0           0         522         523           0           0         524         525           0           0         526         527           0           0         528         529           0           0         530         531           0           0         532         533         534           0           0         535         536         537         538         539           0           0         540         541         542         543         544           0           0         545         546         547         548         549           0           0         550         551         552         553         554           0           0         555         556         557         558           0           0         559         560         561         562           0           0         563         564         565           0           0         566         567           0           0         568           0           0           0
           0           0           0         569           0           0         570           0           0         571           0           0         572           0           0         573           0           0         574           0           0         575           0           0         576         577           0           0         578         579         580           0           0         581         582         583         584           0           0         585         586         587         588         589           0           0         590         591         592         593         594           0           0         595         596         597           0           0         598         599         600           0           0         601         602         603           0           0         604         605         606         607           0           0         608         609         610         611           0           0         612         613         614         615         616           0           0         617         618         619         620         621           0           0         622         623         624         625         626         627           0           0         628         629         630         631         632           0           0         633         634         635         636           0           0         637         638         639         640         641           0           0         642         643         644         645         646         647           0           0         648         649         650         651         652           0           0         653         654         655         656           0           0         657         658         659         660           0           0         661         662         663         664           0           0         665         666         667           0           0         668         669         670           0           0         671         672         673           0           0         674         675         676           0           0         677         678         679           0           0         680         681         682           0           0         683         684         685           0           0         686         687         688           0           0         689         690         691         692         693           0           0         694         695         696         697         698         699           0           0         700         701         702         703         704         705         706         707           0           0         708         709         710         711         712         713         714           0           0         715         716         717         718         719           0           0         720         721         722         723         724           0           0         725         726         727           0           0         728         729           0           0         730           0           0           0
           0           0           0         731           0           0         732           0           0         733           0           0         734           0           0         735           0           0         736         737           0           0         738         739           0           0         740         741         742           0           0         743         744         745         746           0           0         747         748         749         750           0           0         751         752         753         754           0           0         755         756         757         758           0           0         759         760         761         762           0           0         763         764         765         766           0           0         767         768         769         770           0           0         771         772         773         774         775           0           0         776         777         778         779         780           0           0         781         782         783         784         785         786           0           0         787         788         789         790         791         792           0           0         793         794         795         796         797           0           0         798         799         800           0           0         801         802         803           0           0         804         805         806         807         808           0           0         809         810         811         812         813           0           0         814         815         816         817         818         819           0           0         820         821         822         823           0           0         824         825         826         827           0           0         828         829         830           0           0         831         832         833           0           0         834         835           0           0         836         837           0           0         838         839           0           0         840         841         842           0           0         843         844         845         846           0           0         847         848         849         850         851           0           0         852         853         854         855         856         857           0           0         858         859         860         861         862         863         864           0           0         865         866         867         868         869         870         871         872         873         874         875           0           0         876         877         878         879         880         881         882         883         884         885         886         887           0           0         888         889         890         891         892         893         894         895           0           0         896         897         898         899         900           0           0         901         902         903         904         905           0           0         906         907         908         909           0           0         910           0           0         911           0           0           0
           0           0           0         912           0           0         913           0           0         914           0           0         915           0           0         916           0           0         917         918           0           0         919         920           0           0         921         922         923         924           0           0         925         926         927         928         929           0           0         930         931         932         933         934           0           0         935         936         937           0           0         938         939         940         941         942           0           0         943         944         945         946           0           0         947         948         949         950         951           0           0         952         953         954         955         956           0           0         957         958         959         960         961           0           0         962         963         964         965         966         967           0           0         968         969         970         971         972         973           0           0         974         975         976         977         978           0           0         979         980         981           0           0         982         983         984           0           0         985         986         987           0           0         988         989         990         991           0           0         992         993         994         995           0           0         996         997         998         999        1000           0           0        1001        1002        1003        1004        1005           0           0        1006        1007        1008        1009           0           0        1010        1011        1012           0           0        1013        1014        1015           0           0        1016        1017        1018           0           0        1019        1020        1021           0           0        1022        1023        1024           0           0        1025        1026        1027        1028           0           0        1029        1030        1031           0           0        1032        1033        1034        1035        1036           0           0        1037        1038        1039        1040        1041        1042           0           0        1043        1044        1045        1046        1047        1048        1049        1050        1051           0           0        1052        1053        1054        1055        1056        1057        1058        1059        1060        1061        1062        1063        1064           0           0        1065        1066        1067        1068        1069        1070        1071        1072        1073        1074        1075        1076           0           0        1077        1078        1079        1080        1081        1082        1083        1084           0           0        1085        1086        1087        1088        1089        1090           0           0        1091        1092        1093        1094        1095        1096        1097           0           0        1098        1099        1100        1101           0           0        1102           0           0        1103           0           0           0
           0           0           0        1104           0           0        1105           0           0        1106           0           0        1107        1108           0           0        1109        1110           0           0        1111        1112        1113           0           0        1114        1115        1116        1117           0           0        1118        1119        1120        1121        1122           0           0        1123        1124        1125        1126        1127           0           0        1128        1129        1130        1131           0           0        1132        1133        1134        1135        1136           0           0        1137        1138        1139        1140        1141           0           0        1142        1143        1144        1145        1146           0           0        1147        1148        1149        1150        1151           0           0        1152        1153        1154        1155        1156        1157           0           0        1158        1159        1160        1161        1162           0           0        1163        1164        1165        1166           0           0        1167        1168        1169           0           0        1170        1171        1172           0           0        1173        1174        1175           0           0        1176        1177        1178           0           0        1179        1180        1181        1182           0           0        1183        1184        1185        1186           0           0        1187        1188        1189        1190           0           0        1191        1192        1193        1194        1195           0           0        1196        1197        1198        1199        1200           0           0        1201        1202        1203        1204           0           0        1205        1206        1207           0           0        1208        1209        1210           0           0        1211        1212        1213           0           0        1214        1215        1216        1217           0           0        1218        1219        1220        1221           0           0        1222        1223        1224        1225        1226           0           0        1227        1228        1229        1230        1231           0           0        1232        1233        1234        1235        1236        1237        1238           0           0        1239        1240        1241        1242        1243        1244        1245        1246        1247        1248           0           0        1249        1250        1251        1252        1253        1254        1255        1256        1257        1258        1259           0           0        1260        1261        1262        1263        1264        1265        1266        1267        1268        1269           0           0        1270        1271        1272        1273        1274        1275        1276           0           0        1277        1278        1279        1280        1281        1282        1283        1284           0           0        1285        1286        1287        1288        1289        1290        1291        1292           0           0        1293        1294        1295           0           0        1296           0           0        1297           0           0           0
           0           0           0        1298           0           0        1299        1300           0           0        1301        1302           0           0        1303        1304        1305           0           0        1306        1307        1308        1309           0           0        1310        1311        1312        1313        1314           0           0        1315        1316        1317        1318        1319           0           0        1320        1321        1322        1323        1324           0           0        1325        1326        1327        1328        1329           0           0        1330        1331        1332        1333        1334           0           0        1335        1336        1337        1338        1339           0           0        1340        1341        1342        1343        1344           0           0        1345        1346        1347        1348        1349           0           0        1350        1351        1352        1353        1354           0           0        1355        1356        1357        1358           0           0        1359        1360        1361           0           0        1362        1363        1364           0           0        1365        1366        1367           0           0        1368        1369        1370           0           0        1371        1372        1373           0           0        1374        1375        1376        1377           0           0        1378        1379        1380        1381           0           0        1382        1383        1384        1385           0           0        1386        1387        1388        1389           0           0        1390        1391        1392        1393        1394           0           0        1395        1396        1397        1398        1399           0           0        1400        1401        1402        1403           0           0        1404        1405        1406        1407           0           0        1408        1409        1410        1411           0           0        1412        1413        1414        1415           0           0        1416        1417        1418        1419        1420           0           0        1421        1422        1423        1424        1425        1426           0           0        1427        1428        1429        1430        1431        1432        1433           0           0        1434        1435        1436        1437        1438        1439        1440        1441        1442           0           0        1443        1444        1445        1446        1447        1448        1449        1450        1451        1452           0           0        1453        1454        1455        1456        1457        1458        1459        1460        1461           0           0        1462        1463        1464        1465        1466        1467        1468        1469           0           0        1470        1471        1472        1473        1474        1475        1476           0           0        1477        1478        1479        1480        1481        1482        1483        1484        1485           0           0        1486        1487        1488        1489        1490        1491        1492        1493        1494           0           0        1495        1496        1497           0           0        1498           0           0        1499           0           0           0
           0           0           0        1500           0           0        1501           0           0        1502        1503           0           0        1504        1505           0           0        1506        1507        1508        1509           0           0        1510        1511        1512        1513           0           0        1514        1515        1516        1517        1518           0           0        1519        1520        1521        1522        1523        1524           0           0        1525        1526        1527        1528        1529        1530           0           0        1531        1532        1533        1534        1535        1536           0           0        1537        1538        1539        1540        1541        1542           0           0        1543        1544        1545        1546        1547        1548           0           0        1549        1550        1551        1552        1553           0           0        1554        1555        1556        1557        1558           0           0        1559        1560        1561        1562           0           0        1563        1564        1565        1566           0           0        1567        1568        1569           0           0        1570        1571        1572           0           0        1573        1574        1575           0           0        1576        1577           0           0        1578        1579        1580           0           0        1581        1582        1583        1584           0           0        1585        1586        1587        1588           0           0        1589        1590        1591           0           0        1592        1593        1594        1595           0           0        1596        1597        1598        1599           0           0        1600        1601        1602        1603           0           0        1604        1605        1606        1607        1608           0           0        1609        1610        1611        1612           0           0        1613        1614        1615        1616        1617           0           0        1618        1619        1620        1621        1622           0           0        1623        1624        1625        1626        1627           0           0        1628        1629        1630        1631        1632        1633           0           0        1634        1635        1636        1637        1638        1639        1640        1641           0           0        1642        1643        1644        1645        1646        1647        1648        1649        1650           0           0        1651        1652        1653        1654        1655        1656        1657        1658        1659           0           0        1660        1661        1662        1663        1664        1665        1666        1667        1668           0           0        1669        1670        1671        1672        1673        1674        1675        1676        1677           0           0        1678        1679        1680        1681        1682        1683        1684        1685        1686        1687           0           0        1688        1689        1690        1691        1692        1693        1694        1695        1696        1697           0           0        1698        1699        1700        1701        1702        1703        1704        1705           0           0        1706        1707           0           0        1708           0           0           0
           0           0           0        1709           0           0        1710           0           0        1711        1712           0           0        1713        1714           0           0        1715        1716        1717           0           0        1718        1719        1720        1721           0           0        1722        1723        1724        1725           0           0        1726        1727        1728        1729        1730           0           0        1731        1732        1733        1734        1735        1736           0           0        1737        1738        1739        1740        1741        1742           0           0        1743        1744        1745        1746        1747        1748           0           0        1749        1750        1751        1752        1753        1754           0           0        1755        1756        1757        1758        1759        1760           0           0        1761        1762        1763        1764        1765        1766           0           0        1767        1768        1769        1770        1771           0           0        1772        1773        1774        1775           0           0        1776        1777        1778           0           0        1779        1780        1781           0           0        1782        1783        1784           0           0        1785        1786        1787           0           0        1788        1789           0           0        1790        1791           0           0        1792        1793        1794           0           0        1795        1796        1797           0           0        1798        1799        1800           0           0        1801        1802        1803           0           0        1804        1805        1806           0           0        1807        1808        1809        1810           0           0        1811        1812        1813        1814        1815           0           0        1816        1817        1818        1819           0           0        1820        1821        1822        1823        1824           0           0        1825        1826        1827        1828        1829           0           0        1830        1831        1832        1833        1834        1835        1836           0           0        1837        1838        1839        1840        1841        1842        1843        1844           0           0        1845        1846        1847        1848        1849        1850        1851        1852           0           0        1853        1854        1855        1856        1857        1858        1859        1860           0           0        1861        1862        1863        1864        1865        1866        1867        1868           0           0        1869        1870        1871        1872        1873        1874        1875        1876        1877        1878           0           0        1879        1880        1881        1882        1883        1884        1885        1886        1887        1888           0           0        1889        1890        1891        1892        1893        1894        1895        1896        1897        1898           0           0        1899        1900        1901        1902        1903        1904        1905        1906        1907        1908           0           0        1909        1910        1911        1912        1913        1914        1915           0           0        1916           0           0        1917           0           0           0
           0           0           0        1918           0           0        1919           0           0        1920        1921           0           0        1922        1923        1924           0           0        1925        1926        1927        1928           0           0        1929        1930        1931        1932           0           0        1933        1934        1935        1936        1937           0           0        1938        1939        1940        1941        1942        1943           0           0        1944        1945        1946        1947        1948        1949           0           0        1950        1951        1952        1953        1954        1955           0           0        1956        1957        1958        1959        1960        1961           0           0        1962        1963        1964        1965        1966        1967           0           0        1968        1969        1970        1971        1972        1973           0           0        1974        1975        1976        1977        1978           0           0        1979        1980        1981        1982        1983           0           0        1984        1985        1986        1987           0           0        1988        1989        1990        1991           0           0        1992        1993        1994           0           0        1995        1996        1997           0           0        1998        1999           0           0        2000        2001           0           0        2002        2003           0           0        2004        2005        2006           0           0        2007        2008        2009           0           0        2010        2011        2012           0           0        2013        2014           0           0        2015        2016        2017           0           0        2018        2019        2020           0           0        2021        2022        2023        2024           0           0        2025        2026        2027        2028           0           0        2029        2030        2031        2032        2033           0           0        2034        2035        2036        2037        2038        2039           0           0        2040        2041        2042        2043        2044        2045        2046        2047           0           0        2048        2049        2050        2051        2052        2053        2054        2055           0           0        2056        2057        2058        2059        2060        2061        2062        2063        2064           0           0        2065        2066        2067        2068        2069        2070        2071        2072        2073           0           0        2074        2075        2076        2077        2078        2079        2080        2081        2082           0           0        2083        2084        2085        2086        2087        2088        2089        2090        2091           0           0        2092        2093        2094        2095        2096        2097        2098        2099           0           0        2100        2101        2102        2103        2104        2105        2106        2107           0           0        2108        2109        2110        2111        2112        2113        2114        2115           0           0        2116        2117        2118        2119        2120           0           0        2121           0           0        2122           0           0           0
           0           0           0        2123           0           0        2124           0           0        2125           0           0        2126           0           0        2127        2128           0           0        2129        2130        2131           0           0        2132        2133        2134        2135           0           0        2136        2137        2138        2139        2140           0           0        2141        2142        2143        2144        2145           0           0        2146        2147        2148        2149        2150        2151           0           0        2152        2153        2154        2155        2156        2157           0           0        2158        2159        2160        2161        2162        2163           0           0        2164        2165        2166        2167        2168        2169           0           0        2170        2171        2172        2173        2174        2175           0           0        2176        2177        2178        2179        2180           0           0        2181        2182        2183        2184        2185           0           0        2186        2187        2188        2189           0           0        2190        2191        2192        2193           0           0        2194        2195        2196           0           0        2197        2198        2199           0           0        2200        2201        2202           0           0        2203        2204        2205           0           0        2206        2207           0           0        2208        2209           0           0        2210        2211           0           0        2212        2213        2214           0           0        2215        2216           0           0        2217        2218           0           0        2219        2220           0           0        2221        2222        2223           0           0        2224        2225        2226        2227           0           0        2228        2229        2230        2231           0           0        2232        2233        2234        2235        2236           0           0        2237        2238        2239        2240        2241        2242        2243           0           0        2244        2245        2246        2247        2248        2249        2250        2251           0           0        2252        2253        2254        2255        2256        2257        2258        2259           0           0        2260        2261        2262        2263        2264        2265        2266        2267           0           0        2268        2269        2270        2271        2272        2273        2274        2275        2276           0           0        2277        2278        2279        2280        2281        2282        2283        2284           0           0        2285        2286        2287        2288        2289        2290        2291           0           0        2292        2293        2294        2295        2296        2297        2298           0           0        2299        2300        2301        2302        2303        2304        2305           0           0        2306        2307        2308        2309        2310        2311        2312           0           0        2313        2314        2315           0           0        2316           0           0        2317           0           0           0
           0           0           0        2318           0           0        2319           0           0        2320           0           0        2321        2322           0           0        2323        2324        2325           0           0        2326        2327        2328        2329           0           0        2330        2331        2332        2333           0           0        2334        2335        2336        2337        2338           0           0        2339        2340        2341        2342        2343           0           0        2344        2345        2346        2347        2348        2349           0           0        2350        2351        2352        2353        2354        2355           0           0        2356        2357        2358        2359        2360        2361           0           0        2362        2363        2364        2365        2366           0           0        2367        2368        2369        2370        2371           0           0        2372        2373        2374        2375           0           0        2376        2377        2378        2379           0           0        2380        2381        2382        2383           0           0        2384        2385        2386        2387           0           0        2388        2389        2390           0           0        2391        2392        2393           0           0        2394        2395        2396           0           0        2397        2398        2399           0           0        2400        2401           0           0        2402        2403           0           0        2404        2405           0           0        2406        2407           0           0        2408        2409           0           0        2410           0           0        2411           0           0        2412        2413        2414           0           0        2415        2416        2417           0           0        2418        2419        2420        2421           0           0        2422        2423        2424        2425        2426           0           0        2427        2428        2429        2430        2431        2432           0           0        2433        2434        2435        2436        2437        2438        2439           0           0        2440        2441        2442        2443        2444        2445        2446           0           0        2447        2448        2449        2450        2451        2452        2453           0           0        2454        2455        2456        2457        2458        2459        2460           0           0        2461        2462        2463        2464        2465        2466        2467           0           0        2468        2469        2470        2471        2472        2473        2474           0           0        2475        2476        2477        2478        2479        2480           0           0        2481        2482        2483        2484        2485        2486           0           0        2487        2488        2489        2490        2491        2492           0           0        2493        2494           0           0        2495           0           0        2496           0           0           0
           0           0           0        2497           0           0        2498           0           0        2499           0           0        2500        2501           0           0        2502        2503           0           0        2504        2505        2506        2507           0           0        2508        2509        2510        2511           0           0        2512        2513        2514        2515        2516           0           0        2517        2518        2519        2520        2521        2522           0           0        2523        2524        2525        2526        2527        2528           0           0        2529        2530        2531        2532        2533        2534           0           0        2535        2536        2537        2538        2539        2540           0           0        2541        2542        2543        2544        2545           0           0        2546        2547        2548        2549        2550           0           0        2551        2552        2553        2554           0           0        2555        2556        2557        2558           0           0        2559        2560        2561        2562           0           0        2563        2564        2565           0           0        2566        2567        2568           0           0        2569        2570        2571           0           0        2572        2573        2574           0           0        2575        2576        2577           0           0        2578        2579        2580           0           0        2581        2582           0           0        2583        2584           0           0        2585        2586           0           0        2587        2588           0           0        2589        2590           0           0        2591        2592           0           0        2593        2594           0           0        2595        2596        2597           0           0        2598        2599        2600           0           0        2601        2602        2603        2604           0           0        2605        2606        2607        2608        2609        2610           0           0        2611        2612        2613        2614        2615        2616           0           0        2617        2618        2619        2620        2621        2622        2623           0           0        2624        2625        2626        2627        2628        2629        2630           0           0        2631        2632        2633        2634        2635        2636           0           0        2637        2638        2639        2640        2641        2642        2643           0           0        2644        2645        2646        2647        2648        2649        2650           0           0        2651        2652        2653        2654        2655        2656           0           0        2657        2658        2659        2660        2661        2662           0           0        2663        2664        2665        2666        2667           0           0        2668           0           0        2669           0           0           0
           0           0           0        2670           0           0        2671           0           0        2672           0           0        2673           0           0        2674        2675           0           0        2676        2677        2678           0           0        2679        2680        2681        2682           0           0        2683        2684        2685        2686        2687           0           0        2688        2689        2690        2691        2692           0           0        2693        2694        2695        2696        2697           0           0        2698        2699        2700        2701        2702        2703           0           0        2704        2705        2706        2707        2708        2709           0           0        2710        2711        2712        2713        2714           0           0        2715        2716        2717        2718        2719           0           0        2720        2721        2722        2723           0           0        2724        2725        2726        2727           0           0        2728        2729        2730           0           0        2731        2732        2733           0           0        2734        2735        2736           0           0        2737        2738        2739           0           0        2740        2741        2742           0           0        2743        2744        2745           0           0        2746        2747        2748           0           0        2749        2750        2751           0           0        2752        2753           0           0        2754        2755        2756           0           0        2757        2758        2759           0           0        2760        2761           0           0        2762        2763           0           0        2764        2765           0           0        2766        2767           0           0        2768        2769        2770           0           0        2771        2772        2773           0           0        2774        2775        2776        2777           0           0        2778        2779        2780        2781           0           0        2782        2783        2784        2785        2786        2787           0           0        2788        2789        2790        2791        2792        2793        2794           0           0        2795        2796        2797        2798        2799        2800        2801           0           0        2802        2803        2804        2805        2806        2807        2808           0           0        2809        2810        2811        2812        2813        2814        2815        2816           0           0        2817        2818        2819        2820        2821        2822        2823           0           0        2824        2825        2826        2827        2828           0           0        2829        2830        2831        2832        2833           0           0        2834        2835        2836           0           0        2837           0           0           0
           0           0           0        2838           0           0        2839           0           0        2840           0           0        2841           0           0        2842        2843           0           0        2844        2845           0           0        2846        2847        2848           0           0        2849        2850        2851        2852           0           0        2853        2854        2855        2856        2857           0           0        2858        2859        2860        2861        2862           0           0        2863        2864        2865        2866        2867           0           0        2868        2869        2870        2871        2872        2873           0           0        2874        2875        2876        2877        2878           0           0        2879        2880        2881        2882        2883           0           0        2884        2885        2886        2887           0           0        2888        2889        2890        2891           0           0        2892        2893        2894           0           0        2895        2896        2897           0           0        2898        2899        2900           0           0        2901        2902        2903           0           0        2904        2905        2906           0           0        2907        2908        2909           0           0        2910        2911        2912           0           0        2913        2914           0           0        2915        2916        2917           0           0        2918        2919           0           0        2920        2921        2922           0           0        2923        2924        2925           0           0        2926        2927        2928           0           0        2929        2930           0           0        2931        2932           0           0        2933        2934        2935           0           0        2936        2937        2938           0           0        2939        2940        2941        2942           0           0        2943        2944        2945           0           0        2946        2947        2948        2949           0           0        2950        2951        2952        2953        2954           0           0        2955        2956        2957        2958        2959        2960        2961           0           0        2962        2963        2964        2965        2966        2967        2968           0           0        2969        2970        2971        2972        2973        2974        2975        2976           0           0        2977        2978        2979        2980        2981        2982        2983        2984           0           0        2985        2986        2987        2988        2989        2990        2991           0           0        2992        2993        2994        2995        2996           0           0        2997        2998        2999        3000        3001        3002           0           0        3003        3004           0           0        3005           0           0           0
           0           0           0        3006           0           0        3007           0           0        3008           0           0        3009        3010           0           0        3011        3012           0           0        3013        3014        3015           0           0        3016        3017        3018        3019           0           0        3020        3021        3022        3023           0           0        3024        3025        3026        3027        3028           0           0        3029        3030        3031        3032        3033           0           0        3034        3035        3036        3037        3038           0           0        3039        3040        3041        3042        3043           0           0        3044        3045        3046        3047           0           0        3048        3049        3050        3051           0           0        3052        3053        3054        3055           0           0        3056        3057        3058        3059           0           0        3060        3061        3062           0           0        3063        3064        3065           0           0        3066        3067        3068           0           0        3069        3070        3071           0           0        3072        3073           0           0        3074        3075           0           0        3076        3077           0           0        3078        3079        3080           0           0        3081        3082        3083           0           0        3084        3085           0           0        3086        3087        3088           0           0        3089        3090        3091        3092           0           0        3093        3094        3095           0           0        3096        3097        3098           0           0        3099        3100        3101           0           0        3102        3103        3104        3105           0           0        3106        3107        3108        3109           0           0        3110        3111        3112        3113           0           0        3114        3115        3116        3117           0           0        3118        3119        3120        3121        3122           0           0        3123        3124        3125        3126        3127        3128           0           0        3129        3130        3131        3132        3133        3134        3135        3136           0           0        3137        3138        3139        3140        3141        3142        3143        3144        3145           0           0        3146        3147        3148        3149        3150        3151        3152        3153        3154           0           0        3155        3156        3157        3158        3159        3160        3161           0           0        3162        3163        3164        3165        3166        3167        3168           0           0        3169        3170        3171        3172           0           0        3173           0           0        3174           0           0           0
           0           0           0        3175           0           0        3176           0           0        3177           0           0        3178           0           0        3179        3180           0           0        3181        3182           0           0        3183        3184        3185           0           0        3186        3187        3188        3189           0           0        3190        3191        3192        3193        3194           0           0        3195        3196        3197        3198        3199        3200           0           0        3201        3202        3203        3204        3205           0           0        3206        3207        3208        3209        3210           0           0        3211        3212        3213        3214           0           0        3215        3216        3217        3218           0           0        3219        3220        3221        3222           0           0        3223        3224        3225        3226           0           0        3227        3228        3229           0           0        3230        3231        3232           0           0        3233        3234        3235           0           0        3236        3237        3238           0           0        3239        3240        3241           0           0        3242        3243           0           0        3244        3245           0           0        3246        3247        3248           0           0        3249        3250        3251           0           0        3252        3253        3254           0           0        3255        3256        3257           0           0        3258        3259        3260           0           0        3261        3262        3263           0           0        3264        3265        3266        3267           0           0        3268        3269        3270        3271           0           0        3272        3273        3274        3275           0           0        3276        3277        3278           0           0        3279        3280        3281           0           0        3282        3283        3284        3285        3286           0           0        3287        3288        3289        3290        3291        3292           0           0        3293        3294        3295        3296        3297        3298        3299           0           0        3300        3301        3302        3303        3304        3305           0           0        3306        3307        3308        3309        3310        3311        3312        3313        3314           0           0        3315        3316        3317        3318        3319        3320        3321        3322        3323        3324        3325           0           0        3326        3327        3328        3329        3330        3331        3332        3333        3334        3335           0           0        3336        3337        3338        3339        3340        3341        3342        3343           0           0        3344        3345        3346        3347        3348        3349           0           0        3350        3351        3352           0           0        3353           0           0        3354           0           0           0
           0           0           0        3355           0           0        3356           0           0        3357        3358           0           0        3359        3360           0           0        3361        3362        3363           0           0        3364        3365        3366           0           0        3367        3368        3369        3370           0           0        3371        3372        3373        3374           0           0        3375        3376        3377        3378           0           0        3379        3380        3381        3382           0           0        3383        3384        3385        3386           0           0        3387        3388        3389        3390           0           0        3391        3392        3393           0           0        3394        3395        3396           0           0        3397        3398        3399           0           0        3400        3401        3402           0           0        3403        3404        3405           0           0        3406        3407           0           0        3408        3409           0           0        3410        3411        3412           0           0        3413        3414        3415           0           0        3416        3417           0           0        3418        3419           0           0        3420        3421        3422           0           0        3423        3424        3425           0           0        3426        3427        3428           0           0        3429        3430        3431           0           0        3432        3433        3434        3435           0           0        3436        3437        3438        3439           0           0        3440        3441        3442        3443           0           0        3444        3445        3446        3447           0           0        3448        3449        3450        3451           0           0        3452        3453        3454        3455           0           0        3456        3457        3458        3459        3460           0           0        3461        3462        3463        3464        3465        3466           0           0        3467        3468        3469        3470        3471        3472        3473           0           0        3474        3475        3476        3477        3478        3479        3480           0           0        3481        3482        3483        3484        3485        3486        3487        3488           0           0        3489        3490        3491        3492        3493        3494        3495        3496        3497        3498           0           0        3499        3500        3501        3502        3503        3504        3505        3506        3507        3508        3509        3510           0           0        3511        3512        3513        3514        3515        3516        3517        3518        3519        3520           0           0        3521        3522        3523        3524           0           0        3525        3526           0           0        3527           0           0        3528           0           0           0
           0           0           0        3529           0           0        3530           0           0        3531        3532           0           0        3533        3534           0           0        3535        3536           0           0        3537        3538        3539           0           0        3540        3541        3542        3543           0           0        3544        3545        3546        3547           0           0        3548        3549        3550        3551           0           0        3552        3553        3554           0           0        3555        3556        3557           0           0        3558        3559        3560           0           0        3561        3562        3563           0           0        3564        3565        3566           0           0        3567        3568        3569           0           0        3570        3571        3572           0           0        3573        3574           0           0        3575        3576           0           0        3577        3578           0           0        3579        3580        3581           0           0        3582        3583           0           0        3584        3585           0           0        3586        3587           0           0        3588        3589        3590           0           0        3591        3592        3593        3594           0           0        3595        3596        3597        3598           0           0        3599        3600        3601        3602           0           0        3603        3604        3605        3606           0           0        3607        3608        3609        3610           0           0        3611        3612        3613        3614        3615           0           0        3616        3617        3618        3619        3620           0           0        3621        3622        3623        3624           0           0        3625        3626        3627        3628        3629           0           0        3630        3631        3632        3633        3634        3635           0           0        3636        3637        3638        3639        3640        3641        3642           0           0        3643        3644        3645        3646        3647        3648           0           0        3649        3650        3651        3652        3653        3654        3655        3656           0           0        3657        3658        3659        3660        3661        3662        3663        3664           0           0        3665        3666        3667        3668        3669        3670        3671        3672        3673        3674           0           0        3675        3676        3677        3678        3679        3680        3681        3682        3683        3684        3685           0           0        3686        3687        3688        3689        3690        3691        3692        3693        3694           0           0        3695        3696        3697           0           0        3698           0           0        3699           0           0        3700           0           0           0
           0           0           0        3701           0           0        3702           0           0        3703           0           0        3704           0           0        3705        3706           0           0        3707        3708           0           0        3709        3710        3711           0           0        3712        3713           0           0        3714        3715        3716           0           0        3717        3718           0           0        3719        3720           0           0        3721        3722           0           0        3723        3724           0           0        3725        3726           0           0        3727        3728        3729           0           0        3730        3731           0           0        3732        3733           0           0        3734           0           0        3735        3736           0           0        3737        3738           0           0        3739        3740           0           0        3741        3742           0           0        3743        3744           0           0        3745        3746        3747           0           0        3748        3749        3750        3751           0           0        3752        3753        3754        3755           0           0        3756        3757        3758           0           0        3759        3760        3761           0           0        3762        3763        3764           0           0        3765        3766        3767           0           0        3768        3769        3770        3771           0           0        3772        3773        3774           0           0        3775        3776        3777        3778        3779           0           0        3780        3781        3782        3783        3784           0           0        3785        3786        3787        3788        3789        3790           0           0        3791        3792        3793        3794        3795        3796        3797           0           0        3798        3799        3800        3801        3802        3803           0           0        3804        3805        3806        3807        3808        3809        3810           0           0        3811        3812        3813        3814        3815        3816        3817        3818        3819           0           0        3820        3821        3822        3823        3824        3825        3826        3827        3828        3829           0           0        3830        3831        3832        3833        3834        3835           0           0        3836        3837           0           0        3838           0           0        3839           0           0           0
           0           0           0        3840           0           0        3841           0           0        3842           0           0        3843           0           0        3844        3845           0           0        3846        3847           0           0        3848        3849           0           0        3850        3851           0           0        3852        3853           0           0        3854        3855           0           0        3856           0           0        3857           0           0        3858        3859           0           0        3860        3861           0           0        3862        3863           0           0        3864        3865           0           0        3866        3867           0           0        3868           0           0        3869           0           0        3870           0           0        3871           0           0        3872        3873           0           0        3874        3875        3876           0           0        3877        3878        3879           0           0        3880        3881        3882           0           0        3883        3884        3885           0           0        3886        3887        3888           0           0        3889        3890        3891           0           0        3892        3893        3894           0           0        3895        3896        3897           0           0        3898        3899        3900           0           0        3901        3902        3903        3904           0           0        3905        3906        3907        3908           0           0        3909        3910        3911        3912           0           0        3913        3914        3915        3916        3917           0           0        3918        3919        3920        3921        3922           0           0        3923        3924        3925        3926        3927        3928        3929           0           0        3930        3931        3932        3933        3934        3935        3936        3937           0           0        3938        3939        3940        3941        3942        3943        3944        3945           0           0        3946        3947        3948        3949        3950        3951        3952           0           0        3953        3954        3955           0           0        3956        3957           0           0        3958           0           0           0
           0           0           0        3959           0           0        3960           0           0        3961           0           0        3962           0           0        3963           0           0        3964           0           0        3965           0           0        3966           0           0        3967           0           0        3968           0           0        3969           0           0        3970           0           0        3971           0           0        3972           0           0        3973           0           0        3974        3975           0           0        3976        3977        3978           0           0        3979        3980           0           0        3981           0           0        3982           0           0        3983           0           0        3984        3985           0           0        3986        3987        3988           0           0        3989        3990        3991           0           0        3992        3993        3994           0           0        3995        3996           0           0        3997        3998        3999           0           0        4000        4001        4002           0           0        4003        4004        4005           0           0        4006        4007        4008           0           0        4009        4010        4011           0           0        4012        4013        4014           0           0        4015        4016        4017        4018           0           0        4019        4020        4021        4022           0           0        4023        4024        4025        4026        4027           0           0        4028        4029        4030        4031        4032        4033           0           0        4034        4035        4036        4037        4038           0           0        4039        4040        4041        4042        4043        4044        4045           0           0        4046        4047        4048        4049        4050        4051        4052           0           0        4053        4054        4055        4056        4057        4058        4059           0           0        4060        4061        4062        4063        4064           0           0        4065        4066           0           0        4067           0           0        4068           0           0           0
           0           0           0        4069           0           0        4070           0           0        4071           0           0        4072           0           0        4073           0           0        4074           0           0        4075           0           0        4076           0           0        4077           0           0        4078           0           0        4079           0           0        4080           0           0        4081           0           0        4082           0           0        4083           0           0        4084           0           0        4085        4086        4087           0           0        4088        4089        4090           0           0        4091        4092           0           0        4093           0           0        4094        4095           0           0        4096        4097        4098           0           0        4099        4100        4101           0           0        4102        4103        4104           0           0        4105        4106        4107           0           0        4108        4109        4110           0           0        4111        4112        4113           0           0        4114        4115           0           0        4116        4117        4118           0           0        4119        4120        4121           0           0        4122        4123        4124           0           0        4125        4126        4127        4128           0           0        4129        4130        4131        4132           0           0        4133        4134        4135        4136        4137           0           0        4138        4139        4140        4141        4142           0           0        4143        4144        4145        4146        4147           0           0        4148        4149        4150        4151        4152        4153           0           0        4154        4155        4156        4157        4158        4159           0           0        4160        4161        4162        4163        4164        4165           0           0        4166        4167        4168        4169           0           0        4170        4171        4172           0           0        4173        4174           0           0        4175           0           0        4176           0           0           0
           0           0           0        4177           0           0        4178           0           0        4179           0           0        4180           0           0        4181           0           0        4182           0           0        4183           0           0        4184           0           0        4185           0           0        4186           0           0        4187           0           0        4188           0           0        4189           0           0        4190           0           0        4191        4192           0           0        4193        4194        4195           0           0        4196        4197        4198           0           0        4199        4200        4201           0           0        4202        4203        4204           0           0        4205        4206        4207           0           0        4208        4209        4210           0           0        4211        4212        4213           0           0        4214        4215           0           0        4216        4217           0           0        4218        4219           0           0        4220        4221        4222           0           0        4223        4224        4225           0           0        4226        4227        4228           0           0        4229        4230        4231        4232           0           0        4233        4234        4235        4236           0           0        4237        4238        4239        4240           0           0        4241        4242        4243        4244        4245           0           0        4246        4247        4248        4249        4250           0           0        4251        4252        4253        4254        4255           0           0        4256        4257        4258        4259        4260           0           0        4261        4262        4263        4264        4265           0           0        4266        4267        4268        4269        4270           0           0        4271        4272        4273           0           0        4274        4275           0           0        4276           0           0        4277           0           0           0
           0           0           0        4278           0           0        4279           0           0        4280           0           0        4281        4282           0           0        4283        4284        4285           0           0        4286        4287        4288        4289           0           0        4290        4291        4292        4293           0           0        4294        4295        4296           0           0        4297        4298        4299           0           0        4300        4301        4302           0           0        4303        4304        4305           0           0        4306        4307           0           0        4308        4309        4310           0           0        4311        4312        4313           0           0        4314        4315        4316           0           0        4317        4318        4319        4320           0           0        4321        4322        4323        4324           0           0        4325        4326        4327        4328           0           0        4329        4330        4331        4332        4333           0           0        4334        4335        4336        4337        4338           0           0        4339        4340        4341        4342           0           0        4343        4344        4345        4346           0           0        4347        4348        4349        4350        4351           0           0        4352        4353        4354        4355           0           0        4356        4357        4358        4359           0           0        4360        4361           0           0        4362           0           0        4363           0           0        4364           0           0           0
           0           0           0        4365           0           0        4366        4367           0           0        4368        4369        4370        4371           0           0        4372        4373        4374           0           0        4375        4376           0           0        4377        4378        4379           0           0        4380        4381           0           0        4382        4383           0           0        4384        4385           0           0        4386        4387           0           0        4388        4389        4390           0           0        4391        4392        4393           0           0        4394        4395        4396           0           0        4397        4398        4399        4400           0           0        4401        4402        4403        4404           0           0        4405        4406        4407        4408        4409           0           0        4410        4411        4412        4413           0           0        4414        4415        4416        4417           0           0        4418        4419        4420           0           0        4421        4422        4423           0           0        4424        4425        4426           0           0        4427        4428        4429           0           0        4430        4431           0           0        4432           0           0        4433           0           0           0
           0           0           0        4434        4435           0           0        4436        4437        4438           0           0        4439        4440           0           0        4441        4442           0           0        4443        4444           0           0        4445        4446           0           0        4447        4448           0           0        4449        4450           0           0        4451        4452           0           0        4453        4454        4455           0           0        4456        4457        4458           0           0        4459        4460        4461        4462           0           0        4463        4464        4465        4466           0           0        4467        4468        4469        4470           0           0        4471        4472        4473           0           0        4474        4475        4476           0           0        4477        4478        4479           0           0        4480        4481        4482           0           0        4483        4484        4485           0           0        4486        4487           0           0        4488           0           0        4489           0           0           0
           0           0           0        4490           0           0        4491        4492           0           0        4493        4494           0           0        4495           0           0        4496        4497           0           0        4498        4499           0           0        4500        4501           0           0        4502        4503           0           0        4504        4505           0           0        4506        4507           0           0        4508        4509        4510           0           0        4511        4512        4513           0           0        4514        4515        4516        4517           0           0        4518        4519        4520           0           0        4521        4522        4523           0           0        4524        4525        4526           0           0        4527        4528           0           0        4529        4530        4531           0           0        4532        4533        4534           0           0        4535           0           0        4536           0           0        4537           0           0           0
           0           0           0        4538           0           0        4539           0           0        4540        4541           0           0        4542           0           0        4543        4544           0           0        4545           0           0        4546        4547           0           0        4548        4549           0           0        4550        4551           0           0        4552        4553           0           0        4554        4555        4556           0           0        4557        4558        4559           0           0        4560        4561        4562           0           0        4563        4564        4565           0           0        4566        4567        4568           0           0        4569        4570           0           0        4571        4572           0           0        4573        4574        4575           0           0        4576        4577           0           0        4578           0           0        4579           0           0        4580           0           0           0
           0           0           0        4581           0           0        4582           0           0        4583           0           0        4584           0           0        4585           0           0        4586           0           0        4587        4588           0           0        4589        4590           0           0        4591        4592           0           0        4593        4594        4595           0           0        4596        4597        4598           0           0        4599        4600        4601           0           0        4602        4603        4604           0           0        4605        4606           0           0        4607        4608           0           0        4609        4610           0           0        4611        4612           0           0        4613        4614           0           0        4615           0           0        4616           0           0           0
           0           0           0        4617           0           0        4618           0           0        4619           0           0        4620           0           0        4621           0           0        4622        4623           0           0        4624        4625           0           0        4626        4627           0           0        4628        4629        4630           0           0        4631        4632        4633           0           0        4634        4635        4636           0           0        4637        4638           0           0        4639        4640           0           0        4641        4642           0           0        4643        4644           0           0        4645        4646           0           0        4647           0           0        4648           0           0        4649           0           0           0
           0           0           0        4650           0           0        4651           0           0        4652           0           0        4653        4654           0           0        4655           0           0        4656        4657           0           0        4658        4659           0           0        4660        4661           0           0        4662        4663           0           0        4664        4665           0           0        4666        4667           0           0        4668           0           0        4669        4670           0           0        4671        4672           0           0        4673        4674           0           0        4675           0           0        4676           0           0        4677           0           0        4678           0           0           0
           0           0           0        4679           0           0        4680           0           0        4681           0           0        4682           0           0        4683           0           0        4684        4685           0           0        4686        4687           0           0        4688        4689           0           0        4690        4691           0           0        4692        4693           0           0        4694           0           0        4695           0           0        4696        4697           0           0        4698        4699           0           0        4700           0           0        4701           0           0        4702           0           0        4703           0           0           0
           0           0           0        4704           0           0        4705           0           0        4706        4707           0           0        4708        4709           0           0        4710        4711           0           0        4712        4713           0           0        4714        4715           0           0        4716        4717           0           0        4718           0           0        4719           0           0        4720        4721           0           0        4722           0           0        4723           0           0        4724           0           0        4725           0           0           0
           0           0           0        4726           0           0        4727           0           0        4728           0           0        4729           0           0        4730        4731           0           0        4732           0           0        4733           0           0        4734           0           0        4735        4736           0           0        4737           0           0        4738           0           0        4739           0           0        4740           0           0        4741           0           0           0
           0           0           0        4742           0           0        4743           0           0        4744           0           0        4745           0           0        4746           0           0        4747           0           0        4748           0           0        4749           0           0        4750           0           0        4751           0           0        4752           0           0        4753           0           0           0
           0           0           0        4754           0           0        4755           0           0        4756           0           0        4757           0           0        4758           0           0        4759           0           0        4760           0           0        4761           0           0        4762           0           0        4763           0           0        4764           0           0        4765           0           0           0
           0           0           0        4766           0           0        4767           0           0        4768           0           0        4769           0           0        4770           0           0        4771           0           0        4772           0           0        4773           0           0        4774           0           0        4775           0           0           0
           0           0           0        4776           0           0        4777           0           0        4778           0           0        4779           0           0        4780           0           0        4781           0           0        4782           0           0        4783           0           0        4784           0           0        4785           0           0           0
           0           0           0        4786           0           0        4787           0           0        4788           0           0        4789           0           0        4790           0           0        4791           0           0        4792           0           0        4793           0           0           0
           0           0           0        4794           0           0        4795           0           0        4796           0           0        4797           0           0        4798           0           0        4799           0           0           0
           0           0           0        4800           0           0        4801           0           0        4802           0           0        4803           0           0           0
           0           0           0        4804           0           0        4805           0           0        4806           0           0        4807           0           0        4808           0           0           0
           0           0           0        4809           0           0        4810           0           0        4811           0           0        4812           0           0           0
           0           0           0        4813           0           0           0
           0           0           0        4814           0           0           0
           0           0           0           0
