  -67.18656      -21.57969       210.4212    
  -67.55319      -22.16286       181.2878    
  -67.90778      -21.75015      0.6470001    
  -67.19049      -21.81928       203.3871    
  -67.27438      -22.19141      -3.731700    
  -67.20828      -22.38562      -1.511800    
  -67.21146      -22.23689      -1.884900    
  -68.45804      -22.44460       72.99330    
  -67.21021      -22.23780      -2.457800    
  -67.21039      -22.24040      -1.504700    
  -67.27240      -22.19125      -3.618200    
  -67.27716      -22.19813      0.9405994    
  -67.19532      -22.26450      -1.360100    
  -67.14250      -22.30040      -1.500000    
  -67.80609      -22.00348       55.88440    
  -67.14957      -22.41740     -0.4491000    
  -67.14796      -22.41560     -0.4291000    
  -67.14711      -22.41381     -0.8078001    
  -66.54279      -22.60778       192.0949    
  -68.27856      -22.38569       64.87810    
  -67.95538      -22.37699       47.15050    
  -67.82700      -21.26494       61.82490    
  -67.98737      -22.08881       61.62240    
  -67.85651      -22.35438       32.62360    
  -66.89714      -21.47088       135.7797    
  -67.14690      -21.33560       65.26510    
  -67.98398      -22.18018       8.257200    
  -66.97806      -21.68297       142.5675    
  -68.12384      -22.31807       58.77520    
  -66.64727      -23.06683       277.0411    
  -67.19130      -22.38890     -0.9605999    
  -67.98944      -22.71133       89.19991    
  -68.46957      -22.55730       70.88580    
  -68.32944      -22.27971       83.01440    
  -68.09256      -21.97532       63.84460    
  -67.84900      -22.27005       39.22900    
  -68.14148      -21.69195       96.27660    
  -68.28827      -22.66230       64.17680    
  -67.21497      -22.29450     -0.1340001    
  -67.15002      -22.31131      -1.623800    
  -67.14666      -22.30480      -1.783900    
  -67.21240      -22.27490     -0.9345002    
  -67.02154      -22.38379      -1.539500    
  -67.02505      -22.38978      -1.562500    
  -67.02509      -22.38170      0.3402996    
  -67.19935      -21.61795       209.1515    
  -67.98068      -22.12519       8.991200    
  -67.27341      -22.27330      3.4900665E-02
  -67.21832      -22.28269      -3.828000    
  -67.29517      -22.59428      -1.010300    
  -67.28439      -22.61408     -0.5037999    
  -67.09335      -22.69562       2.612600    
  -66.87396      -22.77758       8.188700    
  -66.77180      -21.89045       5.413600    
  -67.21249      -22.01630       5.787900    
  -67.02388      -22.39018      -1.671800    
  -67.09174      -22.46020      -1.746700    
  -67.09730      -22.46900     -0.9633999    
  -67.09720      -22.46800      -2.459700    
  -67.09670      -22.46630      -1.408300    
  -67.09101      -22.46304     -0.5660000    
  -67.09873      -22.47270     -0.1827998    
  -67.09612      -22.46808      -1.057700    
  -67.09284      -22.46420     -0.7410002    
  -67.09750      -22.46789      -2.050700    
  -67.10076      -22.46970      -1.608100    
  -67.09520      -22.46160      -2.361300    
  -67.09569      -22.47128     -6.1699867E-02
  -67.09610      -22.46920      3.4800053E-02
  -66.94948      -21.88772       3.103300    
  -67.06314      -22.30110      0.5700998    
  -67.06203      -22.30509      -3.395800    
  -67.21075      -22.29390      -1.468500    
  -67.18828      -22.33258      0.6266000    
  -67.18552      -22.33541      -1.199200    
  -67.14704      -22.29259     -0.2272000    
  -67.24789      -22.21149      -3.538400    
  -67.15545      -22.28541      -1.226200    
  -66.55188      -22.66776       4.109400    
  -66.52919      -22.65810       2.847200    
  -67.60059      -22.27276       13.71800    
  -66.54151      -22.66896      -3.000000    
  -67.84869      -21.76208       3.325001    
  -67.07506      -22.39290      0.7463000    
  -67.86285      -21.77552       2.574900    
  -67.20435      -22.23738      -1.865200    
  -67.20654      -22.23314      0.1165009    
  -67.21811      -22.28390     -0.4077001    
  -67.20740      -22.23530     -0.9393001    
  -67.18976      -22.26290      0.5612001    
  -67.15247      -22.41630     -0.7863998    
  -67.14924      -22.41320      -1.359400    
  -67.14646      -22.41540     -0.1560001    
  -66.52763      -22.64963       6.196301    
  -66.89535      -22.09239      0.4872999    
  -67.14901      -22.30681     -4.9200058E-02
  -67.15750      -22.30130      0.2424002    
  -67.16026      -22.30320      7.8599930E-02
  -67.85934      -22.50874       7.579500    
  -68.23361      -22.00636       2.736300    
  -66.88260      -21.82187       4.808700    
  -67.27246      -22.27770      0.1919999    
  -67.20789      -22.25480      0.2375998    
  -66.95892      -23.48068       164.1014    
  -67.09170      -22.53560      -1.300100    
  -66.61206      -22.96718       237.6813    
  -67.20923      -22.28240      0.5331998    
  -66.52010      -22.66867       2.533700    
  -67.18330      -22.29180      -1.008300    
  -67.26215      -22.19470     -0.1447001    
  -67.16596      -22.34270      -1.903000    
  -67.14824      -22.30540      -2.597900    
  -67.22830      -22.27830     -9.7099781E-02
  -66.89187      -22.77326       9.138500    
  -67.23239      -22.33870     -0.7792001    
  -67.17096      -22.33280     -0.2259998    
  -67.16500      -22.29021      0.4363999    
  -68.01724      -22.13791       6.500000    
  -66.55180      -22.65406       6.267900    
  -67.26050      -21.67642       103.3996    
  -67.17230      -22.23140      0.1882000    
  -67.16981      -22.30270      0.2191000    
  -67.17056      -22.30380      0.2916999    
  -67.17503      -22.29781     -0.8243999    
  -67.27570      -22.27230      0.3263998    
  -66.53936      -22.64260       12.83100    
  -66.69701      -22.53557       5.315400    
  -67.16681      -22.26690     -0.7059002    
  -67.07066      -22.39350      1.6000271E-03
  -67.07135      -22.39230      -1.673400    
  -67.13722      -22.27778      -1.591900    
  -67.04535      -21.96498      -2.470200    
  -67.16526      -22.29690     -0.7516000    
  -67.15475      -22.30120      0.2546000    
  -67.16381      -22.29081      -1.655100    
  -67.12286      -22.52359      1.4299870E-02
  -67.25458      -22.50911     -4.6999931E-02
  -67.19081      -22.24130      0.5146999    
  -67.75177      -22.79921       7.776400    
  -67.16700      -22.28770      -1.585900    
  -67.28485      -22.24830      -1.177300    
  -67.13294      -22.25610      0.2284002    
  -67.12595      -22.25930     -0.8021002    
  -67.20352      -22.26930      0.3806000    
  -67.17632      -22.28821      0.2639000    
  -66.89131      -22.12690     -0.3238001    
  -67.18842      -22.29980     -0.6690998    
  -67.25018      -22.37750     -9.2199802E-02
  -67.17600      -22.22820      -3.466400    
  -66.52093      -22.64199       2.781500    
  -67.02352      -22.38235      4.1900635E-02
  -67.02428      -22.38676     -2.0999908E-03
  -67.06631      -22.39989     -2.1499634E-02
  -66.54797      -22.65238       6.593100    
