   25.04230       36.52040       8.060000    
   25.45780       36.48320       11.36000    
   25.46820       36.47880       8.810000    
   25.46410       36.49280       7.290000    
   25.46450       36.52880       15.70000    
   25.44260       36.47920       10.00000    
   25.43900       36.47290       10.20000    
   25.78410       35.99600       10.51000    
   25.28640       36.36150       16.33000    
   25.55730       36.51520       18.64000    
   25.45880       36.47320       12.88000    
   25.44310       36.44000       12.03000    
   25.42050       36.50000       14.53000    
   25.36740       36.32250       4.820000    
   25.44870       36.45210       12.35000    
   25.44790       36.46190       11.02000    
   25.46530       36.46510       14.24000    
   25.43500       36.47960       9.990000    
   25.44810       36.44930       9.050000    
   25.43730       36.42000       13.18000    
   25.45080       36.45560       12.55000    
   25.44660       36.44610       10.82000    
   25.43730       36.46090       10.50000    
   25.45210       36.46960       12.62000    
   25.44310       36.46690       11.97000    
   25.44060       36.42980       12.17000    
   25.45710       36.45910       12.65000    
   25.44780       36.46200       12.93000    
   25.48420       36.46890       10.17000    
   25.48550       36.45860       12.37000    
   25.45050       36.46420       13.06000    
   25.43870       36.43920       11.68000    
   25.46610       36.48500       11.08000    
   25.45440       36.45530       9.600000    
   25.48270       35.85290       11.03000    
   25.48290       36.45130       15.12000    
   25.45640       36.49920       10.82000    
   25.47670       36.49810       9.160000    
   25.47090       36.46600       12.47000    
   24.49480       36.78530       6.920000    
   25.44440       36.46720       11.83000    
   25.49140       36.49530       10.06000    
   25.47360       36.48030       9.900000    
   25.45980       36.47160       12.97000    
   25.45370       36.49420       8.450000    
   25.41040       36.46330       14.41000    
   25.46010       36.47440       10.57000    
   25.42830       36.46790       10.67000    
   25.45720       36.47760       11.44000    
   25.46640       36.50030       12.85000    
   25.44140       36.46540       10.80000    
   25.41460       36.40530       14.81000    
   25.32720       36.44960       12.62000    
   25.76500       36.61300       11.04000    
   25.60100       36.53200       16.94000    
   25.56300       36.48860       28.10000    
   25.44460       36.48110       9.700000    
   25.45560       36.47760       9.280000    
   25.47450       36.47970       12.75000    
   25.46110       36.47970       10.93000    
   25.47440       36.48000       11.85000    
   25.46010       36.47790       9.320000    
   25.47290       36.47520       9.620000    
   25.49280       36.51530       8.920000    
   25.45860       36.49220       10.36000    
   25.37820       36.45610       11.44000    
   25.44690       36.48150       10.36000    
   25.46360       36.48620       15.95000    
   25.38490       36.14810       8.070000    
   25.46130       36.47360       13.44000    
   25.48060       36.49460       8.760000    
   25.55320       36.40870       7.890000    
   25.39040       36.64160       9.770000    
   25.47690       36.49460       9.670000    
   25.64530       36.50390       16.39000    
   25.48040       36.47830       11.07000    
   25.46430       36.45040       12.32000    
   25.49140       36.47590       11.33000    
   25.43790       36.46050       14.16000    
   25.45380       36.47790       11.42000    
   25.51280       36.50810       9.080000    
   25.50390       36.47170       13.81000    
   25.37880       36.15050       10.91000    
   25.45580       36.45990       11.51000    
   25.45260       36.46350       10.58000    
   25.88670       36.45470       11.67000    
   25.55270       36.39430       10.65000    
   25.49390       36.49630       6.240000    
   25.49710       36.46540       9.530000    
   25.50620       36.48700       10.25000    
   25.52280       36.48430       9.040000    
   25.50170       36.50620       9.580000    
   25.42430       36.48480       11.10000    
   25.49070       36.49640       8.450000    
   25.47110       36.47820       12.42000    
   25.49430       36.45120       12.83000    
   25.48980       36.50010       7.030000    
   25.47820       36.49020       8.550000    
   25.49350       36.47390       11.54000    
   25.46890       36.44300       13.32000    
   25.49700       36.48760       9.740000    
   25.48360       36.48360       9.380000    
   25.49230       36.46950       12.20000    
   25.47600       36.47400       10.53000    
   25.47650       36.48100       7.400000    
   25.47330       36.45290       13.40000    
   25.49180       36.45930       12.77000    
   25.47220       36.49100       11.09000    
   25.49310       36.47940       7.530000    
   25.48990       36.46500       11.69000    
   25.49610       36.49480       5.000000    
   25.46420       36.48490       10.42000    
   25.51600       36.49990       3.880000    
   25.48310       36.45020       12.08000    
   25.49100       36.45830       12.27000    
   25.48550       36.48020       8.760000    
   25.48620       36.46140       12.61000    
   25.47070       36.45480       9.880000    
   25.51200       36.47910       3.050000    
   25.50820       36.49650       5.380000    
   25.47140       36.48740       9.910000    
   25.50240       36.44570       11.88000    
   25.46790       36.45970       11.79000    
   25.42500       36.39150       12.65000    
   25.49390       36.47480       12.07000    
   25.45400       36.37710       18.07000    
   25.49100       36.45100       12.67000    
   25.49120       36.45860       11.87000    
   25.48430       36.44860       13.27000    
   25.50880       36.46650       13.46000    
   25.51790       36.47970       11.25000    
   25.47570       36.46270       10.94000    
   25.63430       36.45480       19.68000    
   25.66400       36.46510       18.13000    
   25.58780       36.38470       23.80000    
   25.48630       36.49350       13.67000    
   25.49920       36.45340       11.00000    
   25.50930       36.44430       10.39000    
   25.64010       36.46550       19.10000    
   25.34170       36.40610       10.78000    
   25.49740       36.43100       14.18000    
   25.49300       36.47070       10.41000    
   25.48520       36.48380       11.55000    
   25.34590       36.41310       10.84000    
   25.49080       36.29560       5.350000    
   25.52230       36.50810       1.780000    
   25.52200       36.48280       12.56000    
   25.54480       36.49780       30.24000    
   25.66040       36.26660       27.01000    
   25.48660       36.44490       9.990000    
   25.49630       36.46320       13.86000    
   25.46940       36.44500       12.30000    
   25.50090       36.48490       9.130000    
   25.53230       36.47950       8.200000    
   25.50030       36.49670       4.770000    
   25.46510       36.50990       6.480000    
   25.46630       36.49630       10.37000    
   25.46890       36.34620       1.010000    
   25.64980       36.56290       11.02000    
   25.50270       36.47440       9.510000    
   25.46750       36.44880       14.84000    
   25.49460       36.45140       12.83000    
   25.50020       36.46030       12.49000    
   25.58580       35.47370       10.75000    
   24.71560       35.88560       72.64000    
   25.10130       36.05380       16.59000    
   25.49260       36.53380       7.740000    
   25.08660       36.07560       6.100000    
   25.07370       36.04840       3.990000    
   25.06090       36.06820       6.150000    
   25.41750       36.21110       6.700000    
   25.23880       36.18660       3.830000    
   25.38290       36.39040       2.640000    
   25.41040       36.40840       5.000000    
   25.41390       36.23320       6.460000    
   25.41740       36.41750       3.620000    
   25.42010       36.41950       5.110000    
   25.63470       36.58950       9.780000    
   25.05860       36.04680      0.7800000    
   25.41040       36.40710       4.120000    
   25.41100       36.40700       4.170000    
   24.98710       36.21530       9.310000    
   25.41180       36.40950       3.930000    
   25.42060       36.41540       4.460000    
   25.42300       36.41620       4.780000    
   25.43330       36.38900       6.110000    
   25.40970       36.40610       4.070000    
   25.42190       36.42220       5.810000    
   25.42500       36.42230       6.050000    
   25.11410       36.08750       10.17000    
   25.11220       36.08050       7.310000    
   25.47720       36.50270       9.910000    
   25.46900       36.50270       9.290000    
   25.12030       36.08090       9.140000    
   25.40970       36.40550       3.190000    
   25.10100       36.05270       14.71000    
   25.42080       36.41720       5.650000    
   25.41950       36.41710       5.420000    
   25.63000       36.60670       6.300000    
   25.60250       36.61190       3.000000    
   25.70190       36.56970       15.89000    
   25.67290       36.58540       9.010000    
   25.39500       36.40270       2.980000    
   25.39550       36.40350       2.890000    
   25.39870       36.40360       3.480000    
   25.39870       36.40420       3.440000    
   25.41530       36.40690       4.960000    
   25.40910       36.40620       3.760000    
   25.46460       36.48060       12.40000    
   25.50050       36.52640       7.890000    
   25.38210       36.40710       3.370000    
   25.37140       36.41110       4.350000    
   25.37120       36.41240       4.940000    
   25.17860       36.45610       3.740000    
   25.54740       36.30470       11.01000    
   25.54330       36.29690       11.50000    
   25.62220       36.63540       14.72000    
   25.40370       36.40520       4.000000    
   25.39520       36.40060       3.440000    
   25.39580       36.40040       3.670000    
   25.38910       36.39770       2.830000    
   25.41690       36.43210       4.640000    
   25.41650       36.43140       4.430000    
   25.51780       36.45490       5.010000    
   25.41900       36.42010       4.840000    
   25.41750       36.42130       4.800000    
   25.41800       36.41760       3.250000    
   25.41810       36.42160       4.790000    
   25.39200       36.40120       3.680000    
   25.39230       36.40180       3.450000    
   25.39150       36.40160       3.500000    
   25.38940       36.40460       3.550000    
   25.38990       36.40450       4.200000    
   25.38810       36.40540       3.500000    
   25.38800       36.40620       3.450000    
   25.39230       36.40080       3.630000    
   25.39360       36.40100       3.610000    
   25.53620       36.30330      0.4700000    
   25.40480       36.39970       3.390000    
   25.41210       36.40720       5.020000    
   25.41830       36.41210       5.170000    
   25.41130       36.41820       2.870000    
   25.42730       36.42420       5.080000    
   25.41850       36.42620       5.650000    
   25.09460       36.07010       9.100000    
   25.40490       36.40780       3.990000    
   24.99560       36.08060       4.760000    
   25.41520       36.40770       4.830000    
   25.38040       36.40310       2.940000    
   25.40230       36.40280       3.540000    
   25.40000       36.40050       2.970000    
   25.38670       36.40430       4.060000    
   25.42260       36.43660       5.830000    
   25.40180       36.40160       3.620000    
   25.38670       36.41500      0.9600000    
   25.40690       36.40540       4.130000    
   25.45680       36.49490       8.720000    
   25.40830       36.40450       3.090000    
   25.38800       36.43490       5.770000    
   25.10440       36.06650       8.970000    
   25.03610       36.04480       3.580000    
   25.38530       36.40030       3.930000    
   25.33490       36.45320       14.84000    
   25.39960       36.40100       3.060000    
   25.39900       36.40290       4.050000    
   25.38510       36.40680       2.920000    
   25.41280       36.41120       3.670000    
   25.35300       36.44700       6.670000    
   25.41410       36.40840       4.790000    
   25.41230       36.40940       3.360000    
   25.40910       36.38710       4.830000    
   25.38900       36.38980       3.180000    
   25.39130       36.42180       6.470000    
   25.40020       36.41570       5.100000    
   25.41060       36.40850       3.300000    
   25.41750       36.41160       5.350000    
   25.40750       36.41140       3.860000    
   25.41230       36.40650       3.990000    
   25.41640       36.41320       4.090000    
   25.41710       36.41070       5.130000    
   25.40930       36.40830       3.800000    
   25.41370       36.41050       3.620000    
   25.39510       36.40610       4.000000    
   25.51540       36.50960       7.660000    
   25.41210       36.41010       4.140000    
   25.41630       36.41360       4.340000    
   25.37490       36.40670       5.480000    
   25.46400       36.45380       16.50000    
   25.41760       36.41640       3.690000    
   25.40990       36.40640       3.210000    
   25.42120       36.45060       5.760000    
   25.66560       36.66550       5.280000    
   25.41800       36.42220       3.860000    
   25.41800       36.42230       3.930000    
   25.39140       36.40060       3.280000    
   25.41040       36.40730       4.390000    
   25.42400       36.42340       5.850000    
   25.42240       36.42330       5.840000    
   25.42260       36.42530       5.340000    
   25.43670       36.43180       8.530000    
   25.44470       36.43540       8.560000    
   25.41410       36.40770       4.930000    
   25.39730       36.40440       2.970000    
   25.13300       36.63780       9.960000    
   25.38580       36.40580       3.300000    
   25.34920       36.05300       1.050000    
   25.39420       36.40000       3.340000    
   25.41280       36.41450       3.160000    
   25.41150       36.41080       5.040000    
   25.39380       36.40490       3.820000    
   25.41800       36.41710       5.210000    
   25.41020       36.40650       3.480000    
   25.40720       36.40590       4.380000    
   25.41040       36.40620       5.040000    
   25.39340       36.40610       3.920000    
   25.38580       36.40250       4.460000    
   25.41450       36.41000       3.460000    
   25.39470       36.40280       5.210000    
   25.41710       36.41140       5.930000    
   25.38780       36.39980       4.740000    
   25.40750       36.40630       3.580000    
   25.42460       36.42540       6.190000    
   25.42190       36.41660       4.910000    
   25.64780       36.65350       12.47000    
   25.40460       36.42300       5.770000    
   25.42880       36.43060       6.130000    
   25.41000       36.40970       2.850000    
   25.40490       36.41610       5.370000    
   25.42620       36.41370       5.950000    
   25.41300       36.41720       4.470000    
   25.40790       36.40900       3.760000    
   25.42550       36.42640       6.220000    
   25.41670       36.42060       3.930000    
   25.38660       36.44370       25.32000    
   25.41500       36.40720       4.220000    
   25.44820       36.46570       27.81000    
   25.49870       36.47870       7.890000    
   25.41330       36.40940       3.660000    
   25.41010       36.40780       3.580000    
   25.41250       36.40810       4.370000    
   25.32510       36.24090       4.420000    
   25.41730       36.41200       4.580000    
   25.41960       36.41280       2.570000    
   25.41500       36.41460       4.420000    
   25.41850       36.41720       4.660000    
   25.41500       36.41380       4.250000    
   25.41590       36.40950       3.590000    
   25.32740       36.24390       7.640000    
   25.30500       36.22100       1.060000    
   25.40800       36.40660       3.480000    
   25.40910       36.40670       3.650000    
   25.40670       36.40670       3.450000    
   25.33140       36.24190       7.590000    
   25.42430       36.42260       5.890000    
   25.42230       36.42330       6.460000    
   25.42370       36.42390       6.400000    
   25.42260       36.41720       7.290000    
   25.42280       36.41740       6.540000    
   25.40570       36.42430      0.6100000    
   25.43490       36.43570       4.430000    
   25.42160       36.23510       11.32000    
   25.41050       36.44470       6.930000    
   25.42830       36.38190       4.900000    
   25.40820       36.40750       3.810000    
   25.32320       36.26860       6.030000    
   25.41840       36.42520       7.730000    
   25.41580       36.41130       4.740000    
   25.41560       36.40960       4.070000    
   25.40840       36.40480       4.550000    
   25.41870       36.42560       4.490000    
   25.47790       36.42740       4.690000    
   25.41400       36.42980       6.060000    
   25.49670       36.46660       6.610000    
   25.42160       36.41680       4.380000    
   25.41570       36.40870       3.630000    
   25.39360       36.40430       2.580000    
   25.41320       36.41390       3.800000    
   25.31130       36.25900       10.04000    
   25.31860       36.28700       13.21000    
   25.39900       36.39700       2.590000    
   25.42020       36.41870       5.760000    
   25.49070       36.51800       4.920000    
   25.40980       36.41050       3.910000    
   25.41070       36.41040       3.590000    
   25.63860       36.64860       14.95000    
   25.39950       36.38880      0.1300000    
   25.37280       36.40810       4.760000    
   25.39760       36.40080       3.170000    
   25.43490       36.44200       6.020000    
   25.46050       36.47450       8.970000    
   25.41810       36.47000       7.010000    
   25.34630       36.23370       10.90000    
   25.34010       36.14900       6.250000    
   25.40840       36.40650       3.930000    
   25.41840       36.42430       4.640000    
   25.47550       36.16890       8.660000    
   25.74750       36.60740       14.74000    
   25.41420       36.40940       3.990000    
   25.32220       36.24510       6.630000    
   25.72360       36.62480       10.55000    
   25.49090       36.31730       24.16000    
   25.41390       36.41060       3.950000    
   25.33790       36.30890       8.500000    
   25.40460       36.41030       3.960000    
   25.34040       36.30890       8.370000    
   25.40670       36.41920       4.770000    
   25.40920       36.40870       3.470000    
   25.41010       36.40810       3.600000    
   25.40720       36.41100       5.890000    
   25.41150       36.40810       3.940000    
   25.39590       36.40520       3.050000    
   25.66780       36.66510       6.680000    
   25.41950       36.43000       5.940000    
   25.41940       36.42740       4.990000    
   25.42470       36.41640       5.700000    
   25.42690       36.42410       5.160000    
   25.41120       36.40960       4.140000    
   25.42200       36.41910       2.840000    
   25.40300       36.31940       10.75000    
   25.41860       36.41080       5.290000    
   25.39060       36.39480       2.970000    
   25.40320       36.40650       3.860000    
   25.41560       36.41310       3.590000    
   25.41610       36.41620       3.860000    
   25.46800       36.40370       23.41000    
   25.41980       36.41360       5.360000    
   25.40950       36.40600       3.610000    
   25.39680       36.39640       2.330000    
   25.41950       36.41890       4.870000    
   25.39360       36.39790       2.550000    
   25.40080       36.40140       3.400000    
   25.41080       36.40730       3.720000    
   25.42130       36.41810       5.620000    
   25.74920       36.45420       11.33000    
   25.41020       36.40700       5.280000    
   25.40950       36.40800       4.000000    
   25.42030       36.42010       5.070000    
   25.42180       36.42060       5.550000    
   25.42120       36.42130       5.250000    
   25.37010       36.41180       2.530000    
   25.37610       36.40780       4.450000    
   25.20850       35.85330      0.1400000    
   25.50850       36.47700       7.030000    
   25.48540       36.46550       5.990000    
   25.48410       36.46490       6.290000    
   25.47530       36.50620       10.53000    
   25.37100       36.40400       3.940000    
   25.40810       36.39860      5.9999999E-02
   25.39090       36.40180       2.560000    
   25.40410       36.40200       2.830000    
   25.41390       36.40940       3.530000    
   25.41650       36.41160       3.590000    
   25.40410       36.40220       3.580000    
   25.40390       36.41260       6.150000    
   25.39780       36.39960       3.610000    
   25.40910       36.40750       3.670000    
   25.41660       36.40950       3.340000    
   25.40910       36.40760       4.410000    
   25.49770       36.48280       7.970000    
   25.41540       36.40990       8.220000    
   25.40790       36.40920       3.580000    
   25.40950       36.40710       4.180000    
   25.41100       36.40870       3.460000    
   25.40960       36.40550       4.670000    
   25.38530       36.39890       3.960000    
   25.41420       36.40880       4.260000    
   25.41150       36.40970       3.250000    
   25.41220       36.40970       3.820000    
   25.40990       36.40920       3.250000    
   25.42060       36.40960       6.270000    
   25.41090       36.40870       3.300000    
   25.41360       36.40940       3.900000    
   25.41310       36.40970       3.970000    
   25.43580       36.43140       6.560000    
   25.43980       36.43320       7.090000    
   25.41340       36.40870       4.470000    
   25.39020       36.39980       3.710000    
   25.33380       36.48130       9.830000    
   25.48470       36.51800       8.710000    
   25.35250       36.16060       2.710000    
   25.42390       36.42600       5.720000    
   25.49680       36.47790       11.88000    
   25.36150       36.53890       10.06000    
   25.49370       36.52540       9.260000    
   25.48670       36.52510       9.000000    
   25.38350       36.40890       6.690000    
   25.42400       36.41770       5.420000    
   25.40980       36.41260       2.270000    
   25.37110       36.40280       3.380000    
   25.40010       36.40330       3.360000    
   25.41920       36.41820       3.670000    
   25.42050       36.42030       3.270000    
   25.41950       36.42070       3.670000    
   25.41630       36.40480       5.110000    
   25.40790       36.41320       5.600000    
   25.41190       36.40850       3.330000    
   25.42110       36.41080       4.880000    
   25.41940       36.41180       4.030000    
   25.41020       36.41180       4.070000    
   25.41220       36.41140       5.410000    
   25.40930       36.41320       5.000000    
   25.42020       36.41290       3.980000    
   25.43990       36.41990       5.010000    
   25.55600       36.49010       17.38000    
   25.41460       36.41220       3.760000    
   25.42080       36.40920       4.690000    
   25.41280       36.41110       3.510000    
   25.42670       36.40910       6.440000    
   25.41300       36.41110       3.560000    
   25.40130       36.40250       3.420000    
   25.41390       36.41020       3.720000    
   25.40880       36.40450       2.750000    
   25.35310       36.42470       11.60000    
   25.41170       36.42460       4.200000    
   25.40760       36.42450       3.980000    
   25.42020       36.42400       3.220000    
   25.42080       36.42130       3.790000    
   25.40270       36.40400       3.510000    
   25.31600       36.37880       10.16000    
   25.57940       36.46160       21.23000    
   25.37830       36.40830       4.130000    
   25.62880       36.32370       4.110000    
   25.52130       36.53510       9.170000    
   25.40460       36.39930       2.680000    
   25.40840       36.40620       3.870000    
   25.40120       36.40170       3.330000    
   25.39880       36.40040       2.610000    
   25.64100       36.66400       7.430000    
   25.38430       36.41670       4.990000    
   25.38390       36.41500       4.910000    
   25.38670       36.40560       3.630000    
   25.39360       36.42110      0.9100000    
   25.41190       36.40690       5.250000    
   25.41020       36.40870       3.540000    
   25.40870       36.40670       3.410000    
   25.41740       36.41860       4.820000    
   25.39780       36.40890       5.110000    
   25.39730       36.40130       3.420000    
   25.39710       36.40020       3.520000    
   25.41640       36.41450       3.540000    
   25.39550       36.40150       3.370000    
   25.39300       36.40800       6.510000    
   25.41830       36.41790       5.300000    
   25.45550       36.50290       8.340000    
   25.40390       36.39990       2.930000    
   25.38900       36.40330       4.930000    
   25.49590       36.45220       6.590000    
   25.39900       36.39890       4.500000    
   25.40290       36.39970       5.480000    
   25.35780       36.40850       5.350000    
   25.40350       36.40480       3.420000    
   25.40540       36.40730       5.570000    
   25.50010       36.45710       5.490000    
   25.40300       36.40410       3.470000    
   25.40220       36.40340       3.530000    
   25.39680       36.40420       3.710000    
   25.40270       36.40390       3.400000    
   25.41120       36.42360       5.470000    
   25.50800       36.45280       5.740000    
   25.50100       36.45120       5.400000    
   25.41300       36.40640       4.410000    
   25.50310       36.45320       5.610000    
   25.40080       36.40380       3.470000    
   25.41280       36.40760       5.180000    
   25.40880       36.40740       3.420000    
   25.39640       36.44100       6.050000    
   25.42530       36.41670       6.370000    
   25.50250       36.45470       6.150000    
   25.40490       36.43900       5.490000    
   25.39780       36.41920       4.170000    
   25.48280       36.50790       10.54000    
   25.57750       36.67780      3.9999999E-02
   25.42700       36.42950       7.020000    
   25.49820       36.53930       7.900000    
   25.39170       36.39370       4.400000    
   25.41230       36.40610       4.390000    
   25.41030       36.40740       3.750000    
   25.40700       36.40590       3.920000    
   25.51590       36.54430       13.06000    
   25.43090       36.38820       12.36000    
   25.39280       36.40330       3.860000    
   25.38380       36.39720       4.730000    
   25.37910       36.40930       5.030000    
   25.38080       36.41740       9.520000    
   25.42510       36.41970       5.930000    
   25.42450       36.42460       5.800000    
   25.54190       36.23020       22.34000    
   25.38810       36.39480       2.950000    
   25.37940       36.40550       5.880000    
   25.39790       36.40410       6.330000    
   25.40340       36.39600       6.280000    
   25.41250       36.40380       4.260000    
   25.40960       36.43140       6.430000    
   25.41240       36.40560       4.080000    
   25.43020       36.40550       6.210000    
   25.38730       36.40700       6.810000    
   25.41560       36.41420       6.000000    
   25.42590       36.41820       6.820000    
   25.40890       36.40770       3.730000    
   25.58730       36.67780      0.5700000    
   25.38250       36.40720       3.380000    
   25.39050       36.39390       3.960000    
   25.57750       36.68330       3.340000    
   25.05490       36.05380       3.400000    
   25.40900       36.40720       3.550000    
   25.64570       36.67430       4.370000    
   25.41610       36.40670       6.010000    
   25.41950       36.42320       5.680000    
   25.39710       36.39620       4.070000    
   25.39550       36.44970       18.52000    
   25.43580       36.44380       8.540000    
   25.12370       36.09360       11.22000    
   25.41550       36.45690       14.13000    
   25.40660       36.39330       9.150000    
   25.40960       36.39260       7.000000    
   25.40980       36.40690       4.030000    
   25.48070       36.49270       7.910000    
   25.42300       36.42510       18.83000    
   25.41600       36.41980       4.550000    
   25.42780       36.46250       15.09000    
   25.36680       36.39120       11.82000    
   25.38850       36.39310       3.650000    
   25.42510       36.40850       5.440000    
   25.40610       36.40760       3.240000    
   25.52600       36.51130       7.060000    
   25.37700       36.40350       4.540000    
   25.40780       36.40720       3.520000    
   25.40940       36.40810       3.490000    
   25.48880       36.45450       5.530000    
   25.49460       36.45380       5.450000    
   25.47970       36.45100       6.470000    
   25.47100       36.56170       7.010000    
   25.40990       36.40770       3.670000    
   25.40550       36.40300       4.590000    
   25.39480       36.38870       3.750000    
   25.41500       36.39180       6.630000    
   25.39110       36.39530       4.690000    
   25.38950       36.39160       5.240000    
   25.40220       36.40180       3.150000    
   25.40970       36.40760       3.710000    
   25.40690       36.40700       3.330000    
   25.41030       36.40850       3.980000    
   25.40990       36.40990       3.000000    
   25.39700       36.40890       4.360000    
   25.39330       36.39700       4.820000    
   25.41170       36.40380       3.360000    
   25.39410       36.39500       4.530000    
   25.40810       36.40730       3.420000    
   25.38450       36.39330       2.840000    
   25.39010       36.39400       3.700000    
   25.37910       36.41530      0.8600000    
   25.41180       36.40630       4.130000    
   25.35290       36.42710       9.230000    
   25.41280       36.41070       3.550000    
   25.39150       36.39680       4.990000    
   25.38680       36.40870       5.740000    
   25.39660       36.40030       4.550000    
   25.38490       36.40090       4.050000    
   25.41700       36.41170       4.880000    
   25.37610       36.40770       2.150000    
   25.37540       36.40430       6.650000    
   25.41330       36.41150       3.590000    
   25.37690       36.36540       3.220000    
   25.37810       36.40330       2.190000    
   25.15480       36.22710       9.020000    
   25.38350       36.39680       3.320000    
   25.39120       36.39330       4.140000    
   25.33940       36.41780       8.960000    
   25.40470       36.40270       3.400000    
   25.38700       36.39370       3.640000    
   25.38410       36.39630       3.610000    
   25.38880       36.39410       3.450000    
   25.40890       36.40730       3.770000    
   25.38890       36.39790       3.930000    
   25.38670       36.39620       3.800000    
   25.41280       36.40960       5.450000    
   25.41560       36.41630       5.850000    
   25.40860       36.40710       3.890000    
   25.38610       36.40140       4.970000    
   25.37990       36.39860       6.660000    
   25.38820       36.40000       4.390000    
   25.39260       36.39420       3.660000    
   25.38660       36.39690       3.780000    
   25.38940       36.39450       3.680000    
   25.40780       36.40660       3.620000    
   25.39310       36.38980       4.330000    
   25.38280       36.39160       5.380000    
   25.38890       36.39280       3.360000    
   25.40750       36.40740       3.620000    
   25.40960       36.40860       4.000000    
   25.39000       36.39400       3.490000    
   25.38990       36.39420       3.510000    
   25.40680       36.40520       3.930000    
   25.41050       36.41310       3.490000    
   25.38750       36.39430       3.440000    
   25.41990       36.40760       3.880000    
   25.39240       36.39270       4.130000    
   25.39170       36.39290       3.980000    
   25.41110       36.40810       4.300000    
   25.39830       36.39100       4.690000    
   25.41960       36.41540       3.610000    
   25.42260       36.41470       3.070000    
   25.40950       36.40950       4.000000    
   25.38660       36.38490       1.650000    
   25.39190       36.39930       4.300000    
   25.41740       36.41160       5.270000    
   25.40150       36.40950       5.310000    
   25.40830       36.43190       5.300000    
   25.39640       36.40410       4.270000    
   25.38330       36.40680       4.380000    
   25.40900       36.40880       3.690000    
   25.40310       36.42510       4.780000    
   25.40690       36.41030       2.630000    
   25.40970       36.40850       3.690000    
   25.35520       36.36080       7.530000    
   25.41220       36.41100       4.360000    
   25.45740       36.43480       21.27000    
   25.38850       36.39240       3.820000    
   25.40680       36.40570       3.540000    
   25.41510       36.40780       5.540000    
   25.43420       36.47730       7.920000    
   25.38840       36.39760       3.450000    
   25.38270       36.39460       2.840000    
   25.05690       36.06140       5.680000    
   25.03860       36.07450       7.580000    
   25.07870       36.05900       14.60000    
   25.04440       36.05020       6.780000    
   25.04000       36.05920       11.16000    
   25.06200       36.06920       5.570000    
   25.03530       36.05810       6.950000    
   25.03090       36.07200       4.270000    
   25.05460       36.02940       11.63000    
   25.04550       36.05690       11.79000    
   25.06240       36.06450       9.340000    
   25.10610       36.03800       11.25000    
   25.03230       36.06870       3.700000    
   25.07190       36.06390       6.860000    
   25.03170       36.04850       6.990000    
   25.06750       36.03950       8.760000    
   25.09640       36.05410       11.69000    
   24.99310       36.00920       1.450000    
   25.10220       36.07460       7.880000    
   25.04810       36.04100       5.900000    
   25.01400       36.05710       2.740000    
   25.00380       36.03900       1.660000    
   25.05330       36.06910       17.19000    
   25.08720       36.05350       13.21000    
   25.00140       36.04870       6.510000    
   25.10250       36.05840       17.61000    
   25.08230       36.04790       10.95000    
   25.07430       36.04430       9.640000    
   25.05350       36.05650       9.780000    
   25.03180       36.05110       6.280000    
   25.05290       36.02870       3.940000    
   25.01190       36.04540       3.030000    
   24.99980       36.04740       7.290000    
   25.07170       36.06100       15.36000    
   24.96710       36.01340      2.9999999E-02
   25.02860       36.02770       3.030000    
   25.10280       36.05440       7.740000    
   25.08010       36.03290       12.87000    
   25.04790       36.03550       6.460000    
   25.07180       36.07750       10.80000    
   25.39870       36.40230       3.450000    
   24.98510       36.03520      0.8900000    
   25.00290       36.05340       3.120000    
   25.09030       36.05920       11.45000    
   25.08260       36.03880       4.190000    
   25.06420       36.06610       10.98000    
   25.09130       36.05330       8.180000    
   25.03750       36.01330       1.510000    
   25.11770       36.07970       12.05000    
   25.06050       36.04360       5.320000    
   25.01420       36.04380       7.080000    
   25.03610       36.05780       11.27000    
   25.06940       36.02650       5.090000    
   25.02440       36.02130       3.380000    
   25.05230       36.05770       8.350000    
   25.05040       36.05200       3.770000    
   25.10900       36.06250       7.720000    
   25.07720       36.05850       9.690000    
   25.04760       36.03400       2.030000    
   25.04350       36.05840       10.27000    
   25.04570       36.05920       7.210000    
   25.05560       36.06550       11.81000    
   25.04840       36.06270       3.730000    
   25.07800       36.10190       2.950000    
   25.08750       36.08770       11.76000    
   25.08920       36.01710       3.140000    
   25.04080       36.00460       2.940000    
   25.10240       36.04920       9.220000    
   25.11310       36.04870       11.95000    
   24.99500       36.04210       3.300000    
   25.00960       36.04900       4.400000    
   25.00220       36.04230       3.400000    
   25.00490       36.04540       2.620000    
   25.00370       36.03450       2.720000    
   25.03090       36.04980       9.490000    
   24.99020       36.04300       6.600000    
   25.01940       36.02330       3.040000    
   24.98790       35.94590       6.150000    
   25.06370       36.09900       7.560000    
   25.00560       36.04350       2.100000    
   25.04630       35.88750       5.790000    
   25.05420       36.02000       4.080000    
   24.99780       36.05640       8.620000    
   25.01090       36.05730       8.970000    
   25.00560       36.03350       1.650000    
   25.02510       36.06150       5.410000    
   25.01310       36.05920      0.1900000    
   24.96570       36.06040       2.690000    
   25.09020       36.07150       7.890000    
   25.05900       36.04310       3.580000    
   24.99920       36.05710       1.580000    
   24.98200       36.04240       5.160000    
   25.03460       36.06400       9.810000    
   25.02700       36.05680      2.0000000E-02
   25.03760       36.04700       9.390000    
   25.15970       35.95530      2.9999999E-02
   25.07830       36.05680       9.580000    
   25.03360       36.03890       1.060000    
   25.41220       36.41090       3.790000    
   25.11930       36.06200       10.26000    
   25.03490       36.02720       5.820000    
   24.99780       36.04020       3.890000    
   25.00490       36.04780       2.850000    
   25.42530       36.42210       6.330000    
   25.00800       36.05330       3.450000    
   24.99650       36.02990       3.620000    
   25.08490       36.03930       1.030000    
   25.02790       36.04900       6.460000    
   25.10810       36.08280       6.780000    
   24.99720       36.05350       8.040000    
   25.00020       36.04450       3.590000    
   25.05150       36.02910       1.370000    
   25.03670       36.04370       6.060000    
   25.10060       36.04900       1.670000    
   25.00900       36.06430       1.600000    
   25.09360       35.99780       4.900000    
   24.98470       36.03880       3.260000    
   25.03390       36.05420       7.250000    
   25.07700       35.99290       2.200000    
   25.07170       36.01810       10.35000    
   25.15280       36.01010       9.340000    
   25.09190       36.00700       5.090000    
   25.00710       36.03490       4.860000    
   25.08930       36.03270       4.780000    
   25.03900       36.04680       11.12000    
   25.00690       36.06340       6.750000    
   24.99630       36.02660       3.760000    
   25.02910       36.05010       2.820000    
   25.04870       36.07740       2.440000    
   24.99850       36.04570       4.740000    
   25.01900       36.04760       4.540000    
   25.00080       36.05170       3.440000    
   25.02890       36.06420       2.820000    
   25.00750       36.04840       2.550000    
   25.02460       36.04840       7.030000    
   25.00710       36.04720      2.0000000E-02
   24.98570       36.04160       3.440000    
   24.99250       36.04170       2.430000    
   24.98440       36.03710      5.0000001E-02
   25.00710       36.04780       6.010000    
   24.99870       36.00570       1.230000    
   25.01920       36.09400       2.160000    
   25.10740       36.04540       8.840000    
   25.08460       36.09410       11.82000    
   25.03890       36.05210       7.460000    
   25.09950       36.00750       7.930000    
   25.09180       35.99800       4.290000    
   25.06420       36.00320       1.850000    
   25.11700       36.06120       11.21000    
   25.19960       35.90190       10.46000    
   25.04520       36.08370       1.190000    
   25.11140       36.06230       12.10000    
   25.11960       36.02860       6.970000    
   25.07400       36.04270       11.97000    
   25.08170       36.04010       10.15000    
   25.07230       36.05560       2.560000    
   25.10680       36.07890       2.090000    
   25.09350       36.00070       4.870000    
   25.06230       36.07560       5.150000    
   25.40660       36.38850       5.550000    
   25.09910       36.00720       3.870000    
   24.99890       36.05330       6.860000    
   25.02020       36.05620       5.100000    
   25.09910       36.06050       7.520000    
   25.02310       36.05160       7.460000    
   25.01340       36.06780       5.350000    
   25.01490       36.04490       4.570000    
   24.96260       36.03360       5.340000    
   25.00840       36.05120       3.280000    
   25.05890       36.06990       5.140000    
   25.03250       36.04450       4.810000    
   25.02550       36.06320       5.400000    
   25.01550       36.04960       6.910000    
   25.08160       36.00920       6.030000    
   25.09930       36.00280       2.620000    
   25.04430       36.04380       8.520000    
   25.02630       36.08000       1.390000    
   25.08760       36.06510       10.14000    
   25.12110       36.06890       10.97000    
   25.06270       36.05930       2.210000    
   25.11680       36.07030       12.47000    
   25.11580       36.06930       10.60000    
   25.08610       36.07890       3.490000    
   25.73340       36.68770       15.18000    
   25.04110       36.03860       6.250000    
   25.07290       36.05710      0.7800000    
   25.05920       36.06760       6.490000    
   25.11430       36.05400       5.620000    
   25.08840       36.01490       11.54000    
   25.07380       36.04970       2.440000    
   25.15000       36.05310       8.360000    
   25.75340       36.70450       12.41000    
   25.09740       36.04310      0.8600000    
   25.01540       36.02130       2.520000    
   25.05140       36.07550      2.0000000E-02
   25.04640       36.04690       17.63000    
   25.08080       36.00380       3.540000    
   25.40080       36.39020       4.980000    
   25.20510       36.07240       19.70000    
   25.09270       36.05870       6.940000    
   25.43560       36.36940       5.080000    
   25.09470       36.09210       2.870000    
   25.09320       36.05850       5.960000    
   25.35700       36.40420       15.10000    
   25.09650       36.08480       9.890000    
   25.15340       36.18440       7.890000    
   25.40900       36.40640       3.750000    
   25.02090       36.05740       5.890000    
   25.40730       36.40670       3.840000    
   25.12100       36.07570       11.15000    
   25.08110       36.00670       1.760000    
   25.09280       36.06010       6.260000    
   25.07140       36.07610       5.650000    
   24.95910       36.06520       6.020000    
   25.05380       36.07110       4.570000    
   25.01200       36.06890       17.19000    
   25.39100       36.39630       4.300000    
   25.76560       36.62930       11.63000    
   25.13070       36.08670       9.520000    
   25.01620       36.06170       3.580000    
   25.01720       36.04170       3.650000    
   25.11140       36.08210       1.950000    
   25.04070       36.03020       5.190000    
   25.10070       36.00900       10.73000    
   25.10120       36.07370       9.890000    
   25.17770       36.13830       9.550000    
   25.08730       36.05290       6.030000    
   25.07910       36.06730       4.010000    
   25.00140       36.01350       4.460000    
   25.07050       35.99210       2.050000    
   25.03320       36.05660       12.87000    
   25.72990       36.63850       6.810000    
   25.42030       36.41080       5.060000    
   25.11460       35.99740       8.480000    
   25.08970       36.02100      0.2600000    
   25.00740       36.08930      0.7500000    
   25.11690       36.00990       12.10000    
   25.42370       36.41270       5.540000    
   25.73440       36.71370       5.810000    
   25.11070       36.04440       7.950000    
   25.40440       36.41360       4.720000    
   25.10520       36.06210       9.390000    
   25.10990       36.06060       8.970000    
   25.02910       36.04100       3.270000    
   25.02750       36.04600       8.140000    
   25.41060       36.40900       4.070000    
   25.04360       36.03090       6.450000    
   25.09080       36.07950       5.980000    
   25.03000       36.03630       7.490000    
   25.10270       36.05760       7.140000    
   25.08070       36.04430       5.310000    
   25.08680       36.03340       12.89000    
   25.27850       36.69340       56.74000    
   24.99970       36.03390       3.580000    
   25.06910       36.09310       10.15000    
   25.00020       36.06670       3.760000    
   25.39490       36.38760       5.480000    
   25.05580       36.07690       5.370000    
   25.06060       36.08060       6.500000    
   25.10550       36.09100       2.800000    
   25.08750       36.10260       7.850000    
   25.42050       36.41080       3.370000    
   25.41970       36.41160       3.350000    
   25.06210       36.03330      0.5900000    
   25.03990       36.07520       3.030000    
   25.07140       36.09210       4.640000    
   25.09630       36.04800       2.590000    
   25.10470       35.99340       8.160000    
   25.06900       36.08430       4.340000    
   25.03260       36.02090       1.670000    
   25.02370       36.03860       9.390000    
   25.09680       36.06770       5.970000    
   25.09120       36.00420       5.850000    
   25.00000       36.07070       7.510000    
   25.08360       36.10090       7.570000    
   25.07460       36.10630       1.440000    
   25.08420       36.11220       9.020000    
   25.06680       35.99610       3.050000    
   25.05430       36.08340       4.380000    
   25.12220       36.08160       9.840000    
   25.02500       36.03580       6.740000    
   25.41600       36.41240       3.290000    
   25.04920       36.06420       3.170000    
   25.52880       36.54660       12.79000    
   25.05080       36.04660       8.990000    
   25.05410       36.07590       3.770000    
   25.07390       36.05300       10.30000    
   25.09260       36.03550       7.440000    
   25.02840       36.04070       4.190000    
   25.04060       36.04000       2.610000    
   24.98660       36.06290       3.040000    
   25.12900       36.02780       4.450000    
   25.42940       36.50160       8.010000    
   25.21570       36.06730      3.9999999E-02
   25.13280       35.99580       10.45000    
   25.39930       36.40250       3.790000    
   25.11270       36.07470       10.99000    
   25.09960       36.08510       2.960000    
   25.12300       36.06780       10.99000    
   25.12030       36.07430       6.520000    
   25.09860       36.06450       3.310000    
   25.03150       36.06080       9.260000    
   25.10480       36.07370       11.74000    
   25.02290       36.10400       8.640000    
   25.12200       36.06460       13.07000    
   25.42130       36.42610       3.740000    
   25.41630       36.42000       3.770000    
   25.07850       35.99330       3.460000    
   25.04700       36.01120       5.760000    
   25.12210       36.00100      2.0000000E-02
   25.01730       36.06280       1.400000    
   25.09700       35.98690       2.990000    
   25.09630       35.99560       7.200000    
   25.04200       36.07000       5.090000    
   25.42360       36.41540       5.580000    
   25.03370       36.07000       3.910000    
   25.42520       36.43910       7.690000    
   25.04010       36.06820       10.09000    
   25.67440       36.63050       6.950000    
   25.09760       36.00260       5.260000    
   25.10050       35.99950       6.120000    
   25.08610       36.01240       6.080000    
   25.07630       36.00180       3.600000    
   25.09990       36.02000       8.850000    
   25.09280       36.01180       6.460000    
   25.09330       36.00410       5.780000    
   25.11830       36.00970       10.90000    
   25.05340       36.08110       3.330000    
   25.05280       36.08490       3.640000    
   25.05250       36.08250       2.530000    
   25.05500       36.07940       2.960000    
   25.07530       36.08500       5.440000    
   25.02100       36.00250       3.310000    
   25.73210       36.72300       5.320000    
   25.72150       36.69720      7.9999998E-02
   25.13830       35.99290       10.34000    
   25.04690       36.09290       3.910000    
   25.67630       36.63430       6.650000    
   25.05220       36.08720       3.070000    
   25.41490       36.42290       5.520000    
   25.42390       36.42420       5.230000    
   25.42530       36.42170       5.090000    
   25.43090       36.41790       6.430000    
   25.39450       36.40300       3.610000    
   25.37790       36.40320       5.380000    
   25.38830       36.42700       6.560000    
   25.01880       36.04890       6.710000    
   25.01040       36.00970      0.8800000    
   25.00790       36.08860       3.610000    
   25.04920       36.06000       8.530000    
   25.10930       36.01610       9.490000    
   25.09820       36.01010       7.220000    
   25.40980       36.40770       3.600000    
   25.04870       36.05010       15.53000    
   25.49070       36.49150       10.56000    
   25.06090       36.02880       2.510000    
   24.99160       36.04440       2.680000    
   25.46280       36.47360       11.95000    
   25.40620       36.50260       9.480000    
   25.04770       36.05040       1.110000    
   25.73210       36.64480       7.400000    
   25.12280       36.08340       8.790000    
   25.69780       36.66190       5.990000    
   25.02690       36.05100       9.660000    
   25.11550       36.04150       4.990000    
   25.16930       36.11550       15.01000    
   25.73750       36.62950       15.44000    
   25.06000       36.06420       11.94000    
   25.02580       36.04740       6.170000    
   25.14780       36.04350      0.9600000    
   25.04830       36.06810       5.480000    
   25.07760       35.97500       4.330000    
   25.41590       36.51980       7.720000    
   25.41590       36.50950       7.910000    
   25.39290       36.40330       3.980000    
   24.96220       36.04590       6.130000    
   25.09000       36.06930       8.890000    
   25.39470       36.39930       3.470000    
   24.99510       35.95740       12.96000    
   25.34490       36.41110       8.370000    
   25.74400       36.64170       13.61000    
   25.09060       36.05270       3.140000    
   25.10490       36.07080       6.170000    
   25.11170       36.07930       8.550000    
   24.98340       36.04820       6.550000    
   25.83290       36.27530       26.92000    
   25.10610       36.01280       8.000000    
   25.08000       36.01500       6.170000    
   25.07670       36.00230       3.460000    
   25.07650       36.00310       3.170000    
   24.97710       36.01180       2.150000    
   25.08570       36.01720       6.030000    
   25.53260       36.53960       12.86000    
   25.03360       36.07730       5.760000    
   25.41390       36.42960       5.960000    
   25.43270       36.41700       4.420000    
   24.96620       36.11020       6.380000    
   25.03090       36.10450      0.5700000    
   24.95120       36.01040      0.8300000    
   25.04360       36.07440       3.410000    
   25.68110       36.67680       12.42000    
   24.99410       36.04090       2.650000    
   24.98850       36.04700       5.720000    
   24.89210       35.88040       15.23000    
   25.53560       36.73710       4.970000    
   24.98260       36.04380       4.090000    
   25.06680       36.00760       11.84000    
   25.38500       36.45670       6.150000    
   25.44600       36.26770       8.240000    
   24.98810       36.04260       4.640000    
   25.04930       36.05750       4.200000    
   24.94590       36.04810       5.370000    
   24.95920       36.04400       3.130000    
   25.28540       36.48160       8.030000    
   25.36780       36.26350       23.62000    
   25.45720       36.49700       6.550000    
   25.45330       36.49850       7.910000    
   25.03220       36.09190       2.020000    
   25.41920       36.45260       8.680000    
   25.40170       36.41300       2.980000    
   25.42630       36.41660       5.400000    
   25.41570       36.41260       3.950000    
   25.07570       35.98520       2.340000    
   25.08140       36.04060       2.400000    
   25.08140       36.06920       6.510000    
   25.41970       36.44150       6.070000    
   25.10000       36.05200       8.730000    
   25.36320       36.44700       6.410000    
   25.12060       36.07660       8.410000    
   24.99860       36.05500       7.000000    
   25.42110       36.40780       2.710000    
   25.38960       36.48400       11.08000    
   25.00330       36.04570       4.400000    
   25.11690       36.09970       12.33000    
   25.06810       35.99390       4.980000    
   25.12480       36.07040       10.50000    
   25.11130       36.06750       7.660000    
   25.10680       36.08170       10.87000    
   25.23000       36.27140       4.320000    
   25.69620       36.61520       13.99000    
   25.09200       36.04820       12.01000    
   24.99860       35.96710       3.190000    
   25.70280       36.61530       6.040000    
   24.98190       36.06500       3.880000    
   25.52040       36.51340       7.890000    
   25.17490       36.06240       1.320000    
   25.05300       36.04330       9.470000    
   25.42330       36.42130       5.750000    
   25.41790       36.41760       3.430000    
   25.15440       36.13070       12.80000    
   25.51410       36.47370       7.960000    
   25.52000       36.52700       7.670000    
   25.52600       36.51660       8.980000    
   25.10680       36.08630       6.880000    
   25.11270       36.10130       8.600000    
   25.11190       36.06730       11.36000    
   25.11990       36.06800       11.27000    
   24.97920       36.07360       3.850000    
   25.12550       36.07530       11.13000    
   25.11320       36.07190       10.68000    
   25.12150       36.06730       10.63000    
   25.12130       36.07170       11.00000    
   25.10110       36.07450       10.40000    
   25.07530       36.05340       2.560000    
   25.17340       35.98720       7.820000    
   25.02240       36.04040       4.610000    
   25.02090       36.04120       3.650000    
   25.04300       36.06050       11.76000    
   25.06700       36.06700       1.670000    
   25.05540       36.07350      0.7100000    
   25.07910       36.10660       6.510000    
   25.40880       36.38780       9.240000    
   25.09040       36.06550       9.710000    
   25.41260       36.42740       5.640000    
   25.09160       36.04450       2.450000    
   25.10250       36.06140       5.120000    
   25.13390       36.11600       8.780000    
   25.10460       36.06950       11.49000    
   25.11180       36.08050       10.78000    
   25.10910       36.07910       9.480000    
   25.12560       36.10400       9.930000    
   25.11440       36.05120       11.02000    
   25.10570       36.06460       10.13000    
   25.14870       36.08020       12.06000    
   25.18140       36.05890       21.48000    
   25.10120       36.07010       10.97000    
   25.12270       36.08090       8.390000    
   25.41070       36.40670       3.740000    
   25.08620       36.04020       11.02000    
   25.38800       36.40290       3.800000    
   25.06920       36.08900       3.660000    
   25.11530       36.05960       9.750000    
   25.43490       36.19110       6.240000    
   25.44770       36.19010       5.320000    
   25.14260       36.03910       12.30000    
   25.09300       35.98200       2.090000    
   25.41230       36.45640       9.470000    
   25.39760       36.36890      0.2100000    
   25.46820       36.44410       7.730000    
   25.44660       36.23020       7.820000    
   25.02180       36.02420       10.60000    
   25.09110       36.06950       9.630000    
   25.54780       36.46910       22.13000    
   25.13650       36.09560       5.570000    
   25.42950       36.22920       7.390000    
   25.43930       36.23410       7.870000    
   25.45380       36.25250       10.00000    
   25.44550       36.23080       6.930000    
   25.44550       36.23680       7.460000    
   25.44300       36.28360       9.600000    
   25.45430       36.25370       10.60000    
   25.45800       36.26850       8.150000    
   25.45560       36.25950       9.440000    
   25.59840       36.65030       5.700000    
   25.43420       36.51240       9.330000    
   25.09720       36.02070       23.09000    
   25.45060       36.24290       9.680000    
   25.08810       36.06640       1.770000    
   25.13360       36.09310       9.950000    
   25.16030       36.20020       7.940000    
   25.16540       36.09940       7.850000    
   25.05400       36.05980       10.56000    
   25.42560       36.43080       6.370000    
   25.42130       36.43110       6.090000    
   25.42370       36.43110       5.870000    
   25.43570       36.45410       8.600000    
   25.50140       36.45550       5.610000    
   25.40380       36.40600       3.670000    
   25.42380       36.41880       5.940000    
   25.03020       36.06100       2.680000    
   25.06860       36.08310       12.42000    
   25.11400       36.07590       16.37000    
   25.12730       36.09750       8.540000    
   25.09260       36.08350       7.830000    
   25.01290       36.06580       8.900000    
   25.18750       36.08570       5.320000    
   25.01890       36.07240       2.920000    
   25.75390       36.71310       10.91000    
   24.98890       36.07880       4.260000    
   25.46090       36.20170       10.49000    
   25.73480       36.62630       4.900000    
   25.44880       36.20110       8.400000    
   25.39730       36.40170       3.630000    
   25.41080       36.40680       3.920000    
   25.42870       36.41890       2.850000    
   25.04060       36.07400       3.990000    
   25.09590       36.07940       6.160000    
   25.12100       36.07210       11.59000    
   25.64890       36.60880       15.01000    
   25.63930       36.62130       12.55000    
   25.48930       36.44270       7.560000    
   25.20030       36.09980       12.13000    
   25.13510       36.11700       16.73000    
   25.43700       36.41770       6.480000    
   25.18300       36.10100       9.040000    
   25.72960       36.61970       14.55000    
   25.06050       36.06100       1.560000    
   25.12240       36.06450       11.47000    
   25.50730       36.53910       11.91000    
   25.10010       36.05880       7.110000    
   25.12910       36.08690       7.140000    
   25.52520       36.52760       9.760000    
   25.05720       36.07640       6.240000    
   25.43910       36.47970       7.770000    
   25.48770       36.44590       4.750000    
   25.03960       36.07020       2.510000    
   25.07030       36.02710       6.280000    
   25.49300       36.45100       4.840000    
   25.63290       36.66510       8.170000    
   25.03400       36.07530       5.290000    
   25.12410       36.07920       11.02000    
   25.04170       36.07220       3.170000    
   25.44760       36.26510       8.660000    
   25.47970       36.47530       14.21000    
   25.83510       36.55850       2.580000    
   25.16240       36.07900       3.260000    
   25.13950       36.01700       11.31000    
   24.98750       36.02930       4.510000    
   25.50370       36.56030       17.12000    
   25.48640       36.50570       11.08000    
   25.63560       36.65710       9.860000    
   25.02880       36.05620       7.430000    
   25.07800       36.07320      0.5400000    
   25.37370       36.44230       4.060000    
   25.19960       35.93290       18.02000    
   25.43790       36.42980       7.120000    
   25.10970       36.10360       8.760000    
   25.41510       36.42920       5.580000    
   25.40750       36.42440       5.320000    
   25.41500       36.42660       5.480000    
   25.39010       36.46930       10.00000    
   25.41910       36.43100       5.470000    
   25.05390       36.07150       5.550000    
   25.50540       36.53480       7.940000    
   25.14910       36.05690       28.75000    
   25.35980       36.31100       12.53000    
   25.36560       36.27290       10.59000    
   25.33010       36.51400       6.350000    
   25.47580       36.49330       8.780000    
   25.37140       36.30190       10.07000    
   25.12390       36.10590       10.38000    
   25.14420       36.07800       6.020000    
   25.19110       36.09430      0.9800000    
   25.53810       36.65060       10.94000    
   25.10280       36.09110       7.700000    
   25.07010       36.07480       10.82000    
   25.11020       36.09750       8.990000    
   25.50620       36.23180       11.18000    
   25.10950       36.08940       5.410000    
   25.07250       36.06410       7.160000    
   25.21920       36.12500       2.800000    
   25.04000       36.05710       1.600000    
   25.40860       36.40200       10.78000    
   25.36260       36.28890       8.910000    
   25.35800       36.29090       8.870000    
   25.37750       36.30210       9.480000    
   25.37130       36.29740       9.440000    
   25.68240       36.69820       5.080000    
   25.36760       36.29920       10.96000    
   24.98770       36.31230       55.60000    
   25.37020       36.38830       3.780000    
   25.04750       36.01840      0.4800000    
   25.07340       36.04720       3.480000    
   25.15350       36.11190       17.88000    
   25.15940       36.10190       13.72000    
   25.04970       36.08200      0.5800000    
   25.36010       36.41420       7.580000    
   25.08040       36.04640      2.0000000E-02
   25.09760       36.05910       6.070000    
   25.37130       36.48680       11.87000    
   25.16210       36.10030       1.420000    
   25.11570       36.08610       2.310000    
   25.14990       36.03750       10.67000    
   25.34550       36.30200       6.970000    
   25.71680       36.66770       13.81000    
   25.72570       36.65720       9.190000    
   25.50570       36.44370       28.69000    
   25.75360       36.67390       2.460000    
   25.04350       36.04500       6.820000    
   24.96490       36.03610       7.380000    
   25.02620       36.03550       3.330000    
   25.04170       36.06860       8.090000    
   25.18890       36.06310       8.400000    
   25.08820       36.09090       9.930000    
   25.05990       36.08390       5.830000    
   25.03380       36.08180       6.910000    
   25.16200       36.12320       8.840000    
   25.79820       36.74290       21.24000    
   25.84780       36.68460       19.97000    
   25.86510       36.27450       10.22000    
   25.22500       36.49750       17.91000    
   25.16120       36.05860       5.270000    
   25.19350       36.08810      0.2200000    
   25.38960       36.39780       3.560000    
   25.41800       36.42610       4.220000    
   25.44910       36.50260       13.24000    
   25.47900       36.25090       7.950000    
   25.41310       36.52420       9.290000    
   25.11920       36.06730       9.850000    
   25.11650       36.06330       3.670000    
   25.11560       36.08120       7.010000    
   25.04840       36.05600       4.620000    
   25.49250       35.98480       39.28000    
   24.98410       36.10060       4.300000    
   25.87130       36.74440       12.42000    
   25.77360       36.61570       21.38000    
   25.53910       36.53340       15.41000    
   25.53680       36.53210       11.04000    
   25.66190       36.60050       13.96000    
   25.65590       36.58660       15.67000    
   25.36070       36.50400       10.70000    
   25.35800       36.44720       5.760000    
   25.05090       36.04370       4.190000    
   25.37900       36.54510       7.690000    
   25.04240       36.05910       3.500000    
   25.05350       36.05440       5.960000    
   25.57640       36.63720       8.720000    
   25.44420       36.20590       9.770000    
   25.42640       36.53610       8.770000    
   24.98850       36.08120       8.110000    
   25.59340       36.62180      3.9999999E-02
   25.42330       36.51650       9.910000    
   25.04850       36.04680       2.510000    
   25.47100       36.42910       5.650000    
   25.71680       36.62360       13.27000    
   25.48730       36.57070       13.21000    
   25.73880       36.69020       12.72000    
   25.59650       36.72120       4.870000    
   25.05140       35.96390       3.870000    
   25.42940       36.44770       7.680000    
   25.01160       36.00510       5.260000    
   25.72480       36.55380       13.87000    
   25.71420       36.62290       8.110000    
   25.70430       36.59710       25.78000    
   25.59430       36.71340       9.900000    
   25.10920       36.05930       1.920000    
   25.06080       36.08380       8.650000    
   25.69460       36.63380       1.860000    
   25.71200       36.62600       5.270000    
   25.71750       36.62600       6.190000    
   25.35140       36.24920       12.00000    
   25.04090       36.06340       4.140000    
   25.06830       36.06310       13.10000    
   25.49810       36.50940       11.12000    
   25.29580       36.20950       10.19000    
   25.49770       36.52730       7.200000    
   25.77130       36.63370       8.100000    
   25.64820       36.56880       13.05000    
   25.72850       36.61770       7.320000    
   25.72680       36.61840       7.220000    
   25.38930       36.51500       10.08000    
   25.72600       36.61820       7.090000    
   25.14070       36.09520       10.75000    
   25.72730       36.62580       14.36000    
   25.67450       36.59230       15.12000    
   25.51450       36.52890       7.890000    
   25.51510       36.52630       7.840000    
   25.15460       36.10000       8.910000    
   25.33460       36.22880       13.18000    
   25.34520       36.21600       9.660000    
   25.67370       36.60750       4.680000    
   25.40300       36.50040       7.910000    
   25.13740       36.10220       11.79000    
   25.73630       36.60760       3.020000    
   25.17220       36.07450       5.550000    
   25.44280       36.48320       5.540000    
   25.13230       36.09590       10.58000    
   25.71320       36.63770       10.39000    
   25.39640       36.40980       5.210000    
   25.58280       36.71550       17.85000    
   25.45600       36.52060       3.870000    
   25.55730       36.36390       101.8100    
   25.68670       36.74340       7.870000    
   25.76630       36.54970       20.25000    
   25.68120       36.64220       5.830000    
   25.79420       36.66030       9.000000    
   25.44920       36.26750       9.330000    
   25.07480       36.08970       4.250000    
   25.28060       36.14450       10.60000    
   25.47260       36.52330       9.710000    
   25.02730       36.08290       4.890000    
   25.72530       36.66510       4.570000    
   25.78220       36.64850       9.700000    
   25.57700       36.58230       14.12000    
   25.16170       36.09590       8.060000    
   25.37760       36.41390       4.110000    
   25.37280       36.41510       6.800000    
   25.67770       36.58060       19.78000    
   25.45080       36.26410       7.390000    
   25.46460       36.24940       8.680000    
   25.78000       36.61260       13.79000    
   25.51250       36.53010       12.48000    
   25.50330       36.53500       10.25000    
   25.05680       36.06180       12.60000    
   25.31910       36.16080       82.89000    
   25.03740       36.06100       8.180000    
   25.14190       36.09780       9.230000    
   25.03930       36.05240       11.13000    
   25.01970       36.02700       13.17000    
   25.38760       36.44890       4.420000    
   25.07720       36.04270       4.990000    
   25.70200       36.63760       12.17000    
   25.69430       36.63530       11.80000    
   25.70740       36.62490       14.77000    
   25.01670       36.07470       9.310000    
   25.13430       36.08990       5.080000    
   25.70700       36.62060       3.580000    
   25.01310       36.03890       5.840000    
   25.04580       36.04600       11.01000    
   25.02780       36.04710       5.280000    
   25.05640       36.05140       6.670000    
   25.11730       36.04820       3.330000    
   25.04610       36.07030       9.890000    
   25.01990       36.04540       8.460000    
   25.10460       36.08410       9.920000    
   25.10710       36.09200       9.340000    
   25.60100       36.65580       5.840000    
   25.03250       36.05120       4.630000    
   25.03550       36.06530       10.24000    
   25.11260       36.07480       10.25000    
   25.69060       36.65000       9.980000    
   25.54470       36.55470       6.630000    
   25.48850       36.50720       9.850000    
   25.41370       36.41880       7.490000    
   25.46040       36.52320       8.320000    
   25.45870       36.52100       7.550000    
   25.37750       36.40040       5.930000    
   25.48460       36.51590       10.26000    
   25.51220       36.51460       10.69000    
   25.47440       36.49780       13.43000    
   25.48730       36.51870       8.390000    
   25.12060       36.08560       9.770000    
   25.11720       36.05220       9.000000    
   25.06080       36.03960       14.77000    
   25.06240       36.02960       5.770000    
   25.05800       36.03430       9.930000    
   25.65470       36.56970       16.96000    
   25.58050       36.65810       9.710000    
   25.94790       36.72710       12.73000    
   25.13300       36.11170       11.70000    
   25.67040       36.59420       2.030000    
   25.63890       36.71990       9.180000    
   25.07070       36.06790       7.980000    
   25.71020       36.62300       9.980000    
   25.89920       36.70170       15.68000    
   25.84910       36.69640       7.940000    
   25.47650       36.54230       9.920000    
   25.37770       36.41760       20.70000    
   25.38480       36.44060       4.400000    
   25.59680       36.64190       1.090000    
   25.63370       36.66590       1.560000    
   25.63330       36.65590       2.300000    
   25.68920       36.74840       33.17000    
   25.44980       36.17870       13.17000    
   25.51310       36.56220       6.440000    
   25.61760       36.64320       18.00000    
   25.50610       36.50940       7.270000    
   25.48880       36.50250       12.64000    
   25.50640       36.48710       13.74000    
   25.50820       36.54610       9.610000    
   25.16980       36.09570       5.950000    
   25.69830       36.67070       6.300000    
   25.02250       36.04620       7.430000    
   25.14240       36.10990       10.93000    
   25.65950       36.65790       4.910000    
   25.69760       36.61320       11.05000    
   25.69250       36.61510       5.590000    
   25.68860       36.59850       18.58000    
   25.64030       36.70160       3.430000    
   25.44590       36.52660       11.60000    
   25.46670       36.40980       4.440000    
   25.69140       36.62460       14.65000    
   25.67400       36.63020       3.440000    
   25.01770       35.94590       12.42000    
   25.48540       36.51240       10.62000    
   25.08710       36.00010       8.100000    
   25.64380       36.66660      0.3400000    
   25.64070       36.67240       6.620000    
   25.64850       36.66090       9.300000    
   25.64130       36.65340       16.05000    
   25.65210       36.66180       9.360000    
   25.03340       35.98830       8.480000    
   25.69360       36.62370       12.38000    
   25.13990       36.10170       12.38000    
   25.48860       36.42190       5.740000    
   25.48420       36.41750       4.960000    
   25.74230       36.64350       11.49000    
   25.74690       36.64280       6.250000    
   25.76170       36.64640       13.68000    
   25.77110       36.62810       9.010000    
   25.74490       36.65140       12.19000    
   25.76210       36.63980       12.74000    
   25.75680       36.65190       17.11000    
   25.48330       36.51730       8.150000    
   25.77610       36.62850       9.850000    
   25.77370       36.63250       11.95000    
   25.74510       36.64200       8.610000    
   25.76660       36.64270       14.30000    
   25.76970       36.64250       14.62000    
   25.80410       36.63550       19.32000    
   25.76670       36.63810       14.85000    
   25.79590       36.61770       10.33000    
   25.77640       36.62700       12.74000    
   25.78810       36.63440       16.10000    
   25.78800       36.62910       12.82000    
   25.74700       36.64360       2.600000    
   25.81550       36.63740       2.500000    
   25.74270       36.63710       13.82000    
   25.48940       36.42760       6.070000    
   25.71590       36.65480       1.410000    
   25.05380       35.99470       9.570000    
   25.77650       36.64740       19.26000    
   25.75310       36.65030       10.98000    
   25.49920       36.52780       7.650000    
   25.57730       36.62810       9.200000    
   25.50360       36.53510       10.45000    
   25.48290       36.53130       11.85000    
   25.65730       36.57420       18.09000    
   25.70330       36.61640       15.74000    
   25.81620       36.55620       12.69000    
   25.73240       36.61470       16.93000    
   25.46680       36.41920       5.050000    
   25.46760       36.40900       4.140000    
   25.65120       36.62420       3.340000    
   25.65120       36.64600       16.19000    
   25.69700       36.61440       15.75000    
   25.63210       36.64490       4.730000    
   25.71590       36.60540       14.34000    
   25.68750       36.62280       6.010000    
   25.12650       36.05910       12.93000    
   25.72350       36.62230       8.190000    
   25.39630       36.25720       7.410000    
   25.04860       36.06880       9.110000    
   25.38590       36.25520       8.350000    
   25.48410       36.50990       11.03000    
   25.38340       36.43750       1.430000    
   25.14650       36.07440       8.200000    
   25.69950       36.62980       2.880000    
   25.67510       36.62920       8.990000    
   24.99570       36.03370       4.300000    
   25.04230       36.04920       5.160000    
   25.01610       36.02250       3.690000    
   25.01380       36.03070       3.590000    
   25.04430       36.05020       8.660000    
   25.03860       36.05960       8.120000    
   25.48960       36.19090       7.490000    
   25.67010       36.63740       14.32000    
   25.07200       36.04430       6.490000    
   25.04720       36.04700       5.160000    
   25.15600       36.08140       4.490000    
   25.01150       36.05250       13.11000    
   25.01010       36.06620       7.090000    
   25.05030       36.05600       9.980000    
   25.03260       36.04580       8.450000    
   25.54490       36.55160       23.66000    
   25.02560       36.06010       5.230000    
   25.07150       36.07560       9.560000    
   25.03990       36.06550       11.17000    
   25.04550       36.06150       11.82000    
   25.64110       36.57930       3.800000    
   25.01680       36.04430       6.000000    
   24.99790       36.04950       6.290000    
   25.67950       36.56910       8.360000    
   25.03670       36.03700       9.280000    
   25.66370       36.58840       14.70000    
   25.41070       36.43770       5.380000    
   25.44080       36.56020       9.370000    
   25.50580       36.53160       10.41000    
   25.71510       36.61250       17.58000    
   25.69600       36.63010       5.800000    
   25.10190       36.06910       9.910000    
   25.75770       36.65930       4.260000    
   25.50790       36.44050       6.900000    
   25.49560       36.42340       6.090000    
   25.48800       36.42570       6.050000    
   25.49310       36.43330       5.980000    
   25.49560       36.42710       5.230000    
   25.48600       36.44720       7.690000    
   25.46910       36.42290       3.720000    
   25.47580       36.42870       8.180000    
   25.49040       36.42450       7.020000    
   25.50240       36.42860       5.440000    
   25.51160       36.40700      0.3000000    
   25.49750       36.44370       7.090000    
   25.50740       36.43920       5.540000    
   25.47930       36.42170       5.720000    
