   25.77270       36.35670       0.260000    
   25.39350       36.46350       0.140000    
   25.39930       36.40800       0.040000    
   25.34780       36.41720       0.180000    
   25.28050       36.71980       0.150000    
   25.45930       36.37050       0.540000    
   25.40470       36.39970       0.043000    
   25.34300       36.43380       0.205000    
   25.43030       36.42150       0.289000    
   25.46380       36.36870       0.567000    
   25.42520       36.37070       0.180000    
   25.37980       36.46620       0.136000    
   25.43630       36.38770       0.330000    
   23.78450       37.96650       0.308000    
   23.78450       37.96650       0.308000    
   22.86920       37.89020       0.437000    
   22.70020       37.40030       0.300000    
   23.02130       38.69270       0.290000    
   22.65900       38.76630       0.406000    
   22.53220       38.41270       0.750000    
   23.21180       37.47650       1.036000    
   23.80630       38.44230       0.810000    
   22.93970       39.40870       0.192000    
   22.13980       38.39120       0.760000    
   21.97850       38.24020       0.505000    
   23.13820       38.35730       0.350000    
   22.97670       37.97530       0.100000    
   22.13170       39.01320       0.532000    
   23.58750       38.70580       0.424000    
   24.37920       38.05730       0.300000    
   24.48720       37.17070       0.100000    
   23.46620       39.16650       0.325000    
   23.20900       38.87920       0.448000    
   23.06400       37.80480       0.719000    
   22.66320       38.03720       0.129000    
   22.07270       38.36550       0.057000    
   22.93970       39.40870       0.192000    
   23.31220       38.16420       0.650000    
   23.26800       38.21180       0.422000    
   23.78450       37.96650       0.308000    
   23.78450       37.96650       0.308000    
   23.78450       37.96650       0.308000    
   23.78450       37.96650       0.308000    
   23.24450       38.63380       0.239000    
   38.63170       38.24770       0.241000    
   23.24300       38.63350       0.244000    
   38.63270       23.24220       0.240000    
   23.24070       38.63330       0.240000    
   23.30120       35.86700       0.143000    
   25.98630       36.98980       0.240000    
   25.52300       37.07270       0.608000    
   28.12120       36.21350       0.148000    
   23.71770       37.97380       0.093000    
   21.81050       38.91650       1.037000    
   24.09000       34.84000       0.175000    
   21.92520       37.17870       0.423000    
   20.84870       39.65620       0.526000    
   27.16100       35.54720       0.524000    
   19.79620       39.71270       0.227000    
   22.15050       38.04370       0.758000    
   23.06210       36.25660       0.360000    
   23.06210       36.25660       0.360000    
   29.58000       36.15000       0.100000    
   21.27750       40.52250       0.740000    
   21.78200       40.30330       0.791000    
   25.18050       39.89720       0.067000    
   25.18050       39.89720       0.067000    
   22.99880       38.64950       0.185000    
   23.26020       37.98600       0.600000    
   24.40000       36.68000       0.400000    
   23.25980       38.18420       1.406000    
   23.73570       38.15130       1.160000    
   23.22180       39.30570       0.510000    
   23.48870       37.75850       0.221000    
   23.46330       37.90670       0.190000    
   27.13080       36.61070       0.048000    
   25.61030       35.26130       0.288000    
   23.86520       41.34830       0.627000    
   21.74670       38.23630       0.040000    
   21.13830       40.19580       1.102000    
   23.44380       40.37130       0.590000    
   26.26480       39.24570       0.130000    
   21.88370       38.32530       0.003000    
   23.86380       38.04730       0.500000    
   25.53550       41.14500       0.116000    
   21.46470       38.05580       0.097000    
   25.45900       36.37100       0.540000    
   24.55000       38.88000       0.260000    
   26.83770       37.70420       0.348000    
   25.53050       40.47100       0.365000    
   22.01430       39.56470       0.086000    
   25.44000       36.40000       0.200000    
   22.39000       37.63000       0.740000    
   24.19970       35.40700       0.225000    
   23.32680       38.16500       0.532000    
   22.94680       36.71800       0.220000    
   20.58870       38.17680       0.402000    
   23.79420       37.85230       0.256000    
   26.04000       38.26000       0.210000    
   25.69000       34.87000       0.021000    
   22.33600       39.02120       0.622000    
   26.04970       40.89570       0.110000    
   23.88000       39.17000       0.200000    
   26.05070       38.38680       0.854000    
   21.38350       40.78180       0.750000    
   22.40280       40.95580       0.600000    
   23.09950       40.59780       0.925000    
   20.32980       39.53150       0.270000    
   24.51180       40.99420       0.095000    
   22.89800       41.16200       0.380000    
   22.11650       40.39280       1.329000    
   22.48930       40.10030       0.568000    
   20.65780       38.78880       0.485000    
   20.65050       38.70730       1.171000    
   25.08100       39.93300       0.460000    
   21.22900       39.78500       1.500000    
   21.04880       40.41470       1.056000    
   27.17820       36.60230       0.378000    
   23.98200       40.33400       0.060000    
   23.67680       39.93630       0.213000    
   25.85530       39.21130       0.092000    
   23.35570       40.82070       0.728000    
   23.58470       41.10870       0.321000    
   22.96280       40.63180       0.124000    
   25.42960       36.38580       0.001000    
   25.42180       36.43510       0.338000    
   25.45970       36.37120       0.522000    
   25.40080       36.40920       0.071000    
   25.39730       36.46000       0.220000    
   25.34780       36.41720       0.180000    
   25.39750       36.35620       0.119000    
   25.42840       36.42240       0.315000    
   25.47880       36.40700       0.030000    
   25.35690       36.35770       0.054000    
   27.17820       36.60230       0.378000    
   27.18080       36.57800       0.400000    
   27.15570       36.57420       0.271000    
   27.13140       36.67170       0.001000    
   23.19200       39.36600       0.500000    
   21.70880       37.53230       0.482000    
   21.40980       38.18270       0.126000    
   21.37630       38.19620       0.102000    
   20.84480       39.53130       1.110000    
   23.23680       37.50630       0.525000    
   21.71120       37.95220       0.471000    
   22.52720       38.41120       0.701000    
   21.09630       39.13380       0.525000    
   22.40980       38.10230       0.623000    
   22.33370       36.76220       0.428000    
   21.90580       38.42680       0.135000    
   21.62000       37.75600       0.367000    
   22.34230       37.93630       1.080000    
   20.78800       38.10970       0.264000    
   20.75920       40.05970       1.092000    
   20.82500       37.72600       0.200000    
   22.96730       38.02280       0.408000    
   21.18330       38.59870       0.227000    
   21.52580       38.61670       0.188000    
   21.85180       38.41630       0.222000    
   21.74200       36.89550       0.220000    
   20.35430       39.32120       0.610000    
   21.89250       38.27570       0.615000    
   21.01650       37.25120       0.045000    
   21.78630       38.28370       0.138000    
   22.37930       37.37030       1.031000    
   20.67750       37.88570       0.552000    
   21.39300       37.74100       0.240000    
   21.18570       37.91670       0.050000    
   25.53070       37.06880       0.620000    
    1.00120       37.58680       0.065000    
   33.33100       34.96120       0.396000    
   24.08730       34.83920       0.180000    
   30.50930       37.84330       1.100000    
   25.28910       36.72330       0.226000    
   23.91730       35.40180       0.420000    
   25.50300       35.17800       0.850000    
   25.47870       35.16120       0.870000    
   38.42730       38.31330       1.120000    
   16.70430       40.64900       0.494000    
   25.45900       36.37100       0.540000    
   24.81000       35.01750       0.095000    
   23.92800       35.41200       0.306000    
   26.21700       35.11470       0.270000    
   13.40180       42.35380       0.729000    
   15.89380       38.26030       0.702000    
   15.81550       39.99380       0.637000    
   19.99170       44.09820       1.000000    
   24.89000       35.28800       0.750000    
   16.75830       39.17930       0.789000    
   19.86320       41.34720       0.247000    
   23.20830       42.59170       1.490000    
   14.52420       35.83730       0.044000    
   22.05870       38.19380       0.198000    
   22.05870       38.19380       0.198000    
   22.06330       38.26520       0.050000    
   22.06330       38.26520       0.050000    
   22.11130       38.26050       0.037000    
   22.04370       38.24680       0.152000    
   22.04370       38.24680       0.152000    
   22.07530       38.23180       0.133000    
   22.24980       38.37350       0.149000    
   22.24980       38.37350       0.149000    
   22.17520       38.33180       0.117000    
   22.01680       38.41020       0.596000    
   22.11820       38.23170       0.054000    
   22.07270       38.36550       0.057000    
   18.46750       40.07230       0.150000    
   20.23400       39.61200       0.553000    
   20.78530       37.69690       0.374000    
   25.43540       36.44690       0.220000    
   23.93180       38.41990       0.475000    
   20.63270       38.46090       0.331000    
   24.43700       38.03210       0.220000    
   23.15020       37.38300       0.140000    
   22.97430       37.98790       0.307000    
   24.40170       36.68980       0.175000    
   22.05660       38.41330       0.480000    
   22.27080       37.52780       0.820000    
   22.90060       38.25890       0.350000    
   21.89610       38.32290       0.080000    
   21.89610       38.32290       0.080000    
   25.07090       35.30580       0.045000    
   23.98110       35.46060       0.230000    
   22.21210       38.16850       0.668000    
   22.17520       38.33180       0.117000    
   21.95320       38.30900       0.480000    
   21.92090       38.59330       1.020000    
   25.40560       36.47090       0.108000    
   21.81160       38.42220       0.331000    
   17.06440       40.78880       0.420000    
   21.36320       39.95490       0.837000    
   22.11130       38.26050       0.037000    
   23.11890       37.61440       0.444000    
   22.01680       38.41020       0.596000    
   25.42840       36.41650       0.005000    
   25.43250       36.33980       0.050000    
   25.44710       36.41300       0.136000    
   24.42190       36.74500       0.200000    
   22.57010       41.32110       0.168000    
   27.04200       38.38530       0.150000    
   29.05920       41.06560       0.132000    
   26.58330       42.46670       0.216000    
   23.72780       41.58920       0.606000    
   20.79890       41.11140       0.739000    
   24.70310       42.10490       0.176000    
   22.18620       41.69430       0.300000    
   20.78740       40.62360       0.870000    
   20.44080       41.68470       0.728000    
   19.25530       42.43020       0.097000    
   39.88000       39.88000       0.060000    
   26.15300       40.73620       0.101000    
   26.32530       39.82580       0.050000    
   25.89860       40.19090       0.130000    
   28.28280       37.13470       0.730000    
   27.57780       36.72900       1.100000    
   29.08350       36.63530       0.452000    
   27.31040       37.06210       0.379000    
   21.43960       41.97210       0.346000    
   25.39570       36.35790       0.151000    
   25.44570       36.41080       0.185000    
   25.34540       36.43560       0.205000    
   25.37240       36.47340       0.056000    
   25.43200       36.41500       0.220000    
   22.04240       37.14370       0.057000    
   21.70700       36.82450       0.052000    
   21.67250       37.24880       0.087000    
   22.03330       37.23090       0.161000    
   25.77590       36.35550       0.200000    
   25.56380       38.54190       0.012000    
   22.49570       38.47840       0.560000    
   20.79120       38.65610       0.058000    
   23.86700       39.14800       0.050000    
   24.38590       40.93700       0.112000    
   23.46530       37.34950       0.019000    
   24.98900       39.54000       0.011000    
   23.03700       36.68700       0.007000    
   19.93500       39.74600       0.065000    
   25.16310       37.53950       0.016000    
   20.56230       38.45930       0.113000    
   23.93310       38.07790       0.460000    
   25.89380       36.83150       0.300000    
   22.39170       39.67130       0.078000    
   25.40450       36.39930       0.020000    
   24.71940       40.60640       0.067000    
   20.65600       38.62100       0.249000    
   20.65540       38.82490       0.212000    
   23.55770       35.36920       0.240000    
   21.87260       38.39340       0.000000    
   21.94640       38.41440       0.000000    
   21.94640       38.41440       0.000000    
   21.94700       38.41500       0.143000    
   21.94600       38.41410       0.143000    
   21.94810       38.41420       0.143000    
   21.94580       38.41550       0.143000    
   21.94620       38.41290       0.143000    
   21.94880       38.41550       0.143000    
   22.14080       38.20960       0.061000    
   22.10610       38.23600       0.074000    
   22.10450       38.25580       0.051000    
   22.07500       38.25440       0.041000    
   20.66290       37.87660       0.433000    
