  -129.990204       45.9617310       1.93294728    
  -130.017334       45.9409943      0.353317022    
  -130.033722       45.9531364       1.06706524    
  -129.995132       45.9516830      0.941393614    
  -130.022552       45.9467506      0.196332976    
  -129.993332       45.9550209      0.445882380    
  -130.029785       45.9513245      0.360281706    
  -129.979019       45.9578629       1.46441460    
  -130.019684       45.9849167      0.583220005    
  -130.015060       45.9680824      0.249658540    
  -130.040924       45.9497528       1.06865430    
  -130.020523       45.9465218      0.277282178    
  -130.034439       45.9500465      0.677037716    
  -129.982468       45.9488869       1.56925583    
  -130.051056       45.9552193       1.86762810    
  -129.993561       45.9483833       0.00000000    
  -130.041412       45.9595871       2.96801901    
  -130.037720       45.9517899       1.82458341    
  -130.030167       45.9489021      0.429475129    
  -129.962341       45.9283791       1.04528141    
  -130.047424       45.9624939       2.94945526    
  -130.054016       45.9567299      0.691287160    
  -130.000488       45.9653587      0.155372709    
  -130.001831       45.9909058      0.474461079    
  -129.987488       45.9202347       4.00000048    
  -129.967514       45.9935036      0.585416675    
  -130.015167       45.9414482      0.258083701    
  -130.027771       45.9351768       1.31084585    
  -130.042969       45.9598503       1.82272446    
  -129.971252       45.9798698       3.94163895    
  -130.005585       45.9898071       2.91459131    
  -129.998886       45.9753571       4.21448565    
  -130.004379       46.0016747       2.64153576    
  -129.996399       45.9498863       3.56745720E-03
  -129.990845       45.9839668       3.61734796    
  -130.039764       45.9474220       2.45983601    
  -130.040894       45.9630280       1.83912897    
  -130.032867       45.9494400       1.26596522    
  -129.902191       45.9871483      0.349161476    
  -130.038727       45.9596901       2.36099410    
  -129.993408       45.9484329      0.203726068    
  -130.001053       45.9861336       2.25969148    
  -130.002594       45.9704514      0.253941357    
  -130.036316       45.9540329       2.14826083    
  -130.027435       45.9473953      0.542373419    
  -129.967346       45.9518318      0.223509461    
  -130.007874       45.9742584      0.440672666    
  -129.993988       45.9801521      0.712627470    
  -129.977142       45.9787979       1.26245737    
  -129.977661       45.9339333      0.892507434    
  -129.985077       45.9454918       0.00000000    
  -130.026520       45.9490891      0.666807890    
  -129.962097       45.9414711       1.14392543    
  -130.052109       45.9553757       1.64539003    
  -130.003082       45.9499779      0.952358425    
  -129.983154       45.9614944       1.89071941    
  -130.019348       45.9388313      0.876188993    
  -129.969452       45.9336395       1.89570355    
  -129.973419       45.9316788       1.89954436    
  -130.071350       45.9485435      0.211376309    
  -129.996429       45.9720001       0.00000000    
  -130.001709       45.9462547       1.01242816    
  -129.995911       45.9481163       9.20909494E-02
  -130.000305       45.9777794      0.318092316    
  -130.023438       45.9363327       7.90824816E-02
  -130.011444       45.9289627       1.11318886    
  -129.984497       45.9462090       2.59103298    
  -129.980255       45.9605217       2.01209140    
  -130.005432       45.9768448       7.41065741E-02
  -129.997177       45.9484406       5.93174994E-02
  -130.032562       45.9506569      0.972752094    
  -129.987854       45.9589958       1.82411849    
  -130.061890       45.9622688      0.460026622    
  -129.980942       45.9574471       1.93246603    
  -130.012253       45.9852753       5.01658010    
  -129.993713       45.9710388       2.18219733    
  -130.015564       45.9387207      0.951339960    
  -129.989685       45.9744301       1.64097846    
  -129.991241       45.9637337      0.294369221    
  -129.993118       45.9713936       2.16033268    
  -129.990082       45.9744530       2.06603456    
  -130.017120       45.9509201      0.682501376    
  -129.996658       45.9495468       6.38313666E-02
  -130.000549       45.9490471      0.176071733    
  -129.994781       45.9550629      0.925078630    
  -129.971161       45.9322815       1.71489143    
  -129.991150       45.9621620      0.272550821    
  -129.994247       45.9595795       1.90991449    
  -129.995621       45.9488106      0.302683592    
  -130.002686       45.9883537       2.20000196    
  -129.991302       45.9531898       2.00453091    
  -129.967072       45.9208870       1.50883007    
  -130.018280       45.9462318      0.172229305    
  -129.993896       45.9482193      0.275474191    
  -129.975159       45.9225388       1.55429232    
  -129.967255       45.9199905       1.46011090    
  -129.983337       45.9187012      0.753352165    
  -129.993195       45.9704323       2.05295801    
  -129.974670       45.9296188      0.333008915    
  -129.990936       45.9980621      0.532062292    
  -129.978455       45.9230270       2.15344310    
  -130.003296       45.9310303       0.00000000    
  -130.035965       45.9727821       2.43233633    
  -130.073883       45.9860840      0.433821291    
  -130.007904       45.9996529      0.379721373    
  -129.985870       45.9635201       2.53568268    
  -130.047791       45.9623566       2.71229529    
  -130.001801       45.9933319       2.32460570    
  -130.020325       45.9583397       1.20425189    
  -129.986099       45.9881172      0.259270549    
  -130.007156       45.9490700       2.77476758E-02
  -130.022858       45.9652519       2.58445454    
  -129.989487       46.0022240      0.488124669    
  -130.027206       45.9345818       2.38364792    
  -129.991608       45.9652824       2.41457415    
  -129.986664       45.9623985       2.63133574    
  -129.986755       45.9660187       3.26172280    
  -130.000641       45.9306679       3.35058165    
  -129.990234       45.9927597      0.182375610    
  -129.993835       45.9514008       8.75147581E-02
  -129.994324       45.9987946       2.91405773    
  -130.025269       45.9470940      0.916206479    
  -130.011017       45.9792175       3.18877625    
  -129.988678       45.9912987      0.849003196    
  -130.001358       45.9619293       0.00000000    
  -130.007751       45.9351349      0.213143900    
  -130.006317       45.9856834      0.259309828    
  -130.026886       45.9536705       1.21278834    
  -129.999405       45.9492569       5.34598976E-02
  -129.993027       45.9849434       2.30919790    
  -130.026947       45.9401550       1.38144267    
  -129.994537       45.9686165       2.09258437    
  -129.996613       45.9459038       8.08628872E-02
  -129.994049       45.9741936      0.520723701    
  -130.030212       45.9581833       1.83124137    
  -130.062332       45.9616051      0.183165178    
  -129.993652       45.9557686       1.63807178    
  -129.974869       45.9336205       1.73898578    
  -130.040314       45.9539528       1.34178686    
  -129.992874       45.9489555      0.131081939    
  -129.979370       45.9355812       1.90588880    
  -129.995880       45.9465446       8.82539898E-02
  -129.967316       45.9544945      0.932868123    
  -129.964691       45.9644279       0.00000000    
  -129.974030       45.9232864      0.156451181    
  -129.996277       45.9587326       1.90119720    
  -129.998734       45.9751930      0.359257936    
  -130.004303       45.9679108       1.03548169E-04
  -129.995148       45.9799919      0.477839410    
  -129.998108       45.9455910       0.00000000    
  -129.997726       45.9490242      0.135618120    
  -129.991577       45.9393616       0.00000000    
  -130.000977       45.9849434      0.573731363    
  -130.001495       45.9814339       2.30220437    
  -130.018707       45.9411392      0.945056438    
  -129.994781       45.9636917       7.96523318E-03
  -129.994812       45.9815941       4.69994974    
  -129.973877       45.9345245       1.79634655    
  -130.029053       45.9352264       1.00797820    
  -129.995026       45.9861374       1.74793482    
  -129.995483       45.9858055       3.08098555    
  -129.999146       45.9786530       2.79123473    
  -130.004028       45.9750671       2.10842991    
  -130.004669       45.9885445       1.64137602    
  -129.964478       45.9378242       1.57411015    
  -129.970367       45.9376793       2.04832077    
  -129.971527       45.9347763       2.06226969    
  -129.997772       45.9895515      0.648141146    
  -130.007477       45.9732132       2.08327031    
  -129.997070       45.9491692       2.50400770E-02
  -130.004181       45.9810371       2.95351577    
  -129.980087       45.9656143      0.444875360    
  -130.014038       45.9451447      0.314515859    
  -129.996338       45.9466553      0.870990098    
  -129.985672       45.9529419       2.29835320    
  -129.991898       45.9466019      0.285807908    
  -130.012299       45.9415894      0.913432956    
  -129.983368       45.9637794       2.70390558    
  -130.001801       45.9670639       2.49400187    
  -129.989777       45.9506912      0.970484316    
  -129.982697       45.9564781       1.92242777    
  -130.025055       45.9506187      0.855871558    
  -129.991882       45.9461632      0.141894251    
  -129.982605       45.9662933      0.777352631    
  -130.023407       45.9392700      0.902347565    
  -129.978699       45.9570084       2.02466345    
  -129.991669       45.9801407       3.23738599    
  -129.994507       45.9688339       1.23406100    
  -129.984604       45.9860611       2.82639551    
  -130.014877       45.9426079      0.204143941    
  -130.030273       45.9396286       1.28537238    
  -129.992340       45.9828949       2.71269989    
  -129.990982       45.9792900       3.52645397    
  -130.020660       45.9418373      0.764832795    
  -129.998489       45.9778976       2.29638338    
  -129.994995       45.9459572       0.00000000    
  -130.036957       45.9728279      0.740826309    
  -130.026917       45.9574203       1.44576252    
  -130.026947       45.9490662      0.743380547    
  -129.984772       45.9453621       1.61217308    
  -129.996582       45.9510269      0.249863043    
  -129.993332       45.9471321      0.253080070    
  -130.001068       45.9277191       1.60161853    
  -129.984375       45.9799614      0.314298749    
  -130.023956       45.9447212      0.425021768    
  -129.988312       45.9643745      0.215125918    
  -130.009842       45.9527397      0.720064342    
  -130.007263       45.9440422      0.314127177    
  -129.971191       45.9624252       2.03935170    
  -130.032745       45.9519691       1.54509139    
  -129.996704       45.9832268       2.74160457    
  -130.010208       45.9412994      0.209746167    
  -130.014862       45.9401474      0.344082713    
  -129.985687       45.9700317       3.71843195    
  -129.984985       45.9590721       1.76845658    
  -129.989502       45.9563713      0.177515239    
  -129.997406       45.9483299       3.02086398E-02
  -129.995605       45.9519958       2.35442221E-02
  -129.997803       45.9469833       0.00000000    
  -129.994446       45.9730110       2.18043184    
  -129.993469       45.9795761       1.67414951    
  -130.024963       45.9586716       1.92422116    
  -129.970581       45.9481430      0.688608706    
  -129.997955       45.9504013       0.00000000    
  -130.026367       45.9402466       1.58347213    
  -129.980438       45.9393921       1.86044264    
  -129.991943       45.9826355       2.80645800    
  -130.018951       45.9717979       2.88059092    
  -129.995789       45.9625282       1.83102131    
  -129.995605       45.9508743       4.02994677E-02
  -130.001694       45.9422531       0.00000000    
  -130.001221       45.9437523      0.588913083    
  -129.997253       45.9475441       3.71247083E-02
  -129.973358       45.9338303       2.15532637    
  -130.014801       45.9355392      0.494495869    
  -129.981232       45.9546928       1.44859982    
  -129.987671       45.9266434       1.97102273    
  -130.018524       45.9437332      0.657224536    
  -130.001190       45.9562874      0.321939945    
  -129.991638       45.9591599      0.190493077    
  -130.023285       45.9408646      0.503696859    
  -129.991837       45.9654541      0.564597845    
  -129.997681       45.9496422       9.65068340E-02
  -129.995514       45.9493713      0.114555508    
  -129.986450       45.9931297      0.682561994    
  -130.011307       45.9908752       3.21329784    
  -129.986023       45.9841919       2.50147080    
  -130.004776       46.0051117       1.97869372    
  -129.983795       45.9859390      0.493871510    
  -129.992004       45.9533844       0.00000000    
  -129.985580       45.9882278       3.51931548    
  -129.970062       45.9844666       2.17811680    
  -129.985352       45.9505196      0.693173051    
  -129.983276       45.9808083       3.83531690    
  -129.952271       45.9752121      0.389189303    
  -129.996307       45.9864159      0.821770728    
  -129.965668       45.9551430       3.88025790E-02
  -129.988052       45.9818535      0.460723221    
  -129.988831       45.9820137       3.49105167    
  -129.992279       45.9820976       2.60466695    
  -129.989990       45.9685440      0.168419838    
  -130.039825       45.9644051       2.46715975    
  -130.019989       45.9511337      0.498204768    
  -129.977646       45.9549179       2.85843563    
  -129.979309       45.9602356       1.49821210    
  -129.989838       45.9488869      0.492340833    
  -130.029724       45.9548721       2.13929582    
  -129.972168       45.9235153      0.556644976    
  -130.026001       45.9475021      0.884371400    
  -130.014099       45.9229393       1.80684245    
  -129.981232       45.9540558       1.59250665    
  -130.015961       45.9423065      0.469629198    
  -129.989609       45.9566116       2.87145710    
  -129.985001       45.9448128      0.117080681    
  -129.972992       45.9392929       2.12364888    
  -129.996887       45.9549408      0.533849180    
  -130.027573       45.9426765       1.72908986    
  -129.996002       45.9488907      0.129022211    
  -129.978302       45.9135094       1.21594203    
  -129.983734       45.9587364       2.05018950    
  -130.013962       45.9404144      0.275587678    
  -130.031525       45.9842682       2.41402197    
  -129.974167       45.9602394       2.05735445    
  -129.965942       45.9322166       1.23900282    
  -129.992493       45.9874268       1.52332580    
  -129.966797       45.9391785       1.14030957    
  -130.010849       45.9861908       3.70133710    
  -129.985641       45.9924736       1.90045059    
  -129.988876       45.9430046       0.00000000    
  -129.987427       45.9664764      0.466918975    
  -130.017120       45.9355583      0.456687540    
  -130.024353       45.9567680       1.94364345    
  -130.011719       45.9361115      0.542507112    
  -129.983582       45.9615250       2.30159140    
  -130.030273       45.9406776       1.35452843    
  -129.991180       45.9692993       2.41167998    
  -129.988190       45.9696617       2.66504002    
  -129.978729       45.9790764      0.732493877    
  -129.994751       45.9502945      0.164170727    
  -129.985992       45.9874725      0.764951110    
  -130.024612       45.9305992       2.09934211    
  -129.986084       45.9691734       1.01736747E-03
  -130.011627       45.9433708      0.227748215    
  -129.978333       45.9561729       2.53278947    
  -129.991394       45.9488907      0.358286709    
  -130.040009       45.9631081       2.13445878    
  -129.994751       45.9431381       1.22065091    
  -129.990997       45.9478607      0.519351721    
  -130.019348       45.9405708      0.852037609    
  -129.954346       45.9167786      0.351493120    
  -129.991577       45.9475136      0.462204754    
  -129.976593       45.9578285       1.58540392    
  -130.018478       45.9343147      0.850568771    
  -130.014786       45.9364738      0.650839210    
  -130.025665       45.9496155       1.35492098    
  -130.007690       45.9814148      0.483408004    
  -129.989166       45.9562531       1.91733491    
  -130.022278       45.9426460      0.682567000    
  -129.973663       45.9386215       2.11760736    
  -130.020782       45.9392891      0.771340549    
  -129.985901       45.9562950       2.82569981    
  -130.025955       45.9369583       1.73887515    
  -129.974304       45.9274483       1.46127248    
  -129.996887       45.9700661       2.42103004    
  -130.013672       45.9426689      0.216606557    
  -129.994781       45.9700089      0.317951560    
  -130.007172       45.9403725      0.293505669    
  -129.984314       45.9664154       1.55720615    
  -129.974487       45.9338303       1.88970649    
  -129.974945       45.9304924       1.95149362    
  -129.971634       45.9303169       1.73751450    
  -129.966782       45.9278870       1.59115386    
  -129.972107       45.9305000       1.73605204    
  -129.966736       45.9354477       2.08768916    
  -129.965546       45.9305573       1.91990185    
  -129.973358       45.9303436       1.71236229    
  -129.970520       45.9326553       1.73145914    
  -129.986298       45.9387627      0.274405956    
  -129.967255       45.9298210       1.70081341    
  -129.968414       45.9261436      0.994493306    
  -129.965851       45.9295921       1.69775391    
  -129.976807       45.9478569       1.54006672    
  -129.966675       45.9305534       1.81952608    
  -129.973206       45.9357758       2.58705235    
  -129.972992       45.9393311       2.21240973    
  -129.978867       45.9589996       1.47523701    
  -129.963440       45.9263878      0.810365438    
  -129.994156       45.9573021       2.26662827    
  -129.994492       45.9498558       1.81475854    
  -130.027420       45.9404831       1.63064766    
  -129.989227       45.9734802       1.63475049    
  -129.990387       45.9458923      0.283137023    
  -129.992447       45.9533844      0.769750059    
  -129.988815       45.9599762       1.94773531    
  -129.998627       45.9642525       2.80877900    
  -129.998383       45.9827919       2.62829828    
  -130.022690       45.9457703      0.660026491    
  -129.991852       45.9691582       2.13530636    
  -130.003677       45.9499626       1.06193125E-02
  -129.975616       45.9348602       1.70468569    
  -129.983185       45.9366760       1.60459375    
  -129.991302       45.9566689       1.93427134    
  -129.978302       45.9593086       1.85921729    
  -129.980621       45.9573860       1.79837632    
  -129.997467       45.9434280       2.10618079E-02
  -129.979446       45.9559135       1.56043112    
  -129.997772       45.9528313       1.00854135    
  -130.000061       45.9647675       2.48606253    
  -129.993179       45.9520950      0.212260485    
  -129.978363       45.9192924      0.568614304    
  -130.034012       45.9450455       2.84954476    
  -130.018036       45.9252357       1.65403664    
  -129.994080       45.9486046       6.42692149E-02
  -129.985474       45.9609680       1.49571419    
  -129.972321       45.9223976       1.39621866    
  -129.994308       45.9586067      0.446017265    
  -129.985809       45.9432182      0.239942074    
  -129.968170       45.9283829       1.91011286    
  -129.975403       45.9519005       2.12716460    
  -129.990860       45.9749260       2.62016940    
  -130.004456       45.9852638       3.50736678E-02
  -130.006531       45.9983673       1.13934278    
  -129.984314       45.9930496       3.79880381    
  -130.046005       45.9935303       0.00000000    
  -130.004028       45.9399414      0.315285146    
  -129.979233       45.9596214       1.92226470    
  -129.978577       45.9528694       2.47276282    
  -129.976044       45.9572945       2.05034328    
  -129.972473       45.9411926       1.98257184    
  -130.012985       45.9732323      0.289186567    
  -129.991867       45.9098663       2.07456708    
  -129.974426       45.9402199       2.28845954    
  -130.019257       45.9440002      0.130506426    
  -129.978012       45.9402924       1.86486316    
  -129.981842       45.9593620       1.77617133    
  -130.001556       45.9562988       2.73828387    
  -129.992661       45.9657860       2.64967823    
  -129.980972       45.9550438       1.44061053    
  -129.973312       45.9591789       1.54732287    
  -129.994049       45.9497681      0.603421867    
  -129.970200       45.9401131       2.12647915    
  -129.990265       45.9456596      0.227514714    
  -129.977753       45.9551620       1.26737583    
  -129.969086       45.9346504       1.07703876    
  -129.983856       45.9559975       1.50386989    
  -129.995361       45.9513741      0.279118806    
  -130.009277       45.9951515      0.418071330    
  -130.019470       45.9259758       1.82891488    
  -129.962982       45.9642792       1.98980594    
  -129.957962       45.9362907       1.52819622    
  -129.974731       45.9312286       2.71162868    
  -130.012512       45.9256172       1.16954136    
  -130.015930       45.9247818       1.58717942    
  -130.010590       45.9222794       1.04596496    
  -130.006271       45.9271469       1.15871930    
  -130.018372       45.9302216       2.09567928    
  -129.995621       45.9492111       1.24657154E-03
  -129.994110       45.9446411      0.296191484    
  -130.012268       45.9183083       1.60201943    
  -130.015991       45.9065552      0.340156019    
  -129.995361       45.9293900       1.27189517    
  -129.960846       45.9387512       2.54227757    
  -129.988373       45.9713478       2.27953696    
  -130.009705       45.9171486       1.20417690    
  -130.013123       45.9291878       1.59677124    
  -130.010895       45.9183083      0.896350205    
  -130.010132       45.9187317      0.744414270    
  -130.009308       45.9287529      0.704550922    
  -129.968445       45.9360275       2.07257962    
  -129.978760       45.9439430       8.13993737E-02
  -130.031372       45.9467163       1.87901974    
  -129.969238       45.9368401       1.78758311    
  -129.987045       45.9692421       2.23685884    
  -129.993927       45.9471855      0.186659724    
  -129.995972       45.9498291       8.04492980E-02
  -129.988007       45.9681396       1.95073748    
  -129.996246       45.9492607       7.39141330E-02
  -129.972931       45.9672470       2.67949152    
  -130.000504       45.9453583      0.142945960    
  -130.004425       45.9244194       1.54842615    
  -130.012207       45.9919243       1.55256259    
  -130.026825       45.9367561       1.64817214    
  -130.011520       45.9397850      0.325504065    
  -129.982269       45.9274254       1.53361332    
  -129.975739       45.9237938      0.634928823    
  -129.970123       45.9250450      0.375438124    
  -129.969879       45.9268150      0.406483173    
  -129.969177       45.9220886      0.613366902    
  -129.974991       45.9179344       1.57301915    
  -129.974228       45.9589310       1.51005614    
  -129.970856       45.9254189      0.316819370    
  -129.969879       45.9590950       1.61277115    
  -129.975250       45.9214935      0.665730238    
  -129.995178       45.9481430       5.13311252E-02
  -129.996368       45.9491882      0.342330456    
  -129.966095       45.9639397      0.499429882    
  -129.990448       45.9476318       1.37337029    
  -129.986206       45.9762344       1.81215978    
  -129.969727       45.9221764      0.525706708    
  -129.969635       45.9213943      0.798304200    
  -129.975067       45.9268227      0.498741806    
  -129.974823       45.9842644      0.287767619    
  -130.020462       45.9795380      0.408618510    
  -130.000946       45.9517441      0.616006315    
  -129.995224       45.9459724      0.145419389    
  -129.970856       45.9609718       2.34717679    
  -130.004501       45.9834480       2.68327689    
  -129.980011       45.9562378       2.04835558    
  -129.997910       45.9462280      0.419137716    
  -129.995819       45.9839897       3.04734159    
  -129.999054       45.9848824       1.85696459    
  -129.994263       45.9472046       8.01351964E-02
  -129.981659       45.9737434       1.10973346    
  -130.000443       45.9224586       1.10048115    
  -129.976044       45.9527016       1.95374179    
  -129.985565       45.9926987      0.631680131    
  -129.964722       45.9584732       0.00000000    
  -129.967468       45.9353981       1.69269085    
  -129.996567       45.9942703      0.750001490    
  -129.959442       45.9387665       5.45883703    
  -129.997986       45.9765778      0.249547452    
  -129.976212       45.9392433       1.83452237    
  -130.007263       45.9916954      0.629500270    
  -130.010956       45.9638367      0.923044205    
  -129.990509       45.9700966       3.44825909E-02
  -129.987183       45.9524155       6.33645132E-02
  -129.997528       45.9515648      0.378223956    
  -129.990265       45.9440613      0.182456627    
  -129.999252       45.9272346       2.23839712    
  -129.991959       45.9829330       4.21236944    
  -129.972916       45.9303665       1.13644254    
  -129.976288       45.9317780       1.42036080    
  -130.017120       45.9798279      0.253937274    
  -129.996948       45.9476700       0.00000000    
  -129.968933       45.9874840      0.382781982    
  -130.000809       45.9727974       6.24008775E-02
  -129.998932       45.9884377       2.56108570    
  -129.988586       45.9441338       0.00000000    
  -129.998840       45.9446602      0.162893847    
  -130.002350       45.9798393       2.85828352    
  -129.983856       45.9594879       1.94696760    
  -129.992828       45.9475136      0.388493657    
  -129.971100       45.9310493       1.52741838    
  -129.968658       45.9293098       1.39255452    
  -129.972107       45.9340973       1.93794346    
  -129.983810       45.9450111       1.86669278    
  -129.974579       45.9342804       1.57628787    
  -129.988968       45.9595451       1.87210727    
  -129.970490       45.9388428       1.80820334    
  -130.034912       45.9366493       2.79084110    
  -130.023422       45.9655228       2.77795935    
  -130.020844       45.9419708       5.53807169E-02
  -130.026367       45.9431267      0.970579863    
  -130.013580       45.9304924      0.681533635    
  -129.978485       45.9588852       1.73020685    
  -130.028809       45.9531288      0.846820474    
  -129.988312       45.9465561      0.427608848    
  -129.994019       45.9777451       3.22989106    
  -129.994690       45.9485435       5.22077791E-02
  -129.992889       45.9878159       2.25807428    
  -130.023743       45.9429817       1.06347370    
  -129.994492       45.9801826       2.87021542    
  -129.998871       45.9790230      0.815126598    
  -129.996460       45.9369278      0.564822912    
  -129.985138       45.9604416       1.93024254    
  -129.995880       45.9531898       0.00000000    
  -129.993973       45.9799461       3.33905697    
  -129.992706       45.9780693       2.68172574    
  -129.993301       45.9810143       3.03105831    
  -129.988052       45.9818649      0.757243037    
  -130.014984       45.9407196      0.469894290    
  -130.023438       45.9425125       1.25241375    
  -129.993195       45.9482384      0.398826450    
  -129.992371       45.9729500      0.961811066    
  -130.012390       45.9352684      0.455504537    
  -130.026520       45.9506531      0.888614714    
  -129.993591       45.9540672      0.559583187    
  -129.992615       45.9235649       2.09083557    
  -129.990723       45.9471512      0.181699544    
  -129.986710       45.9714622      0.712558329    
  -129.998413       45.9511490       0.00000000    
  -129.979767       45.9564781       1.91187227    
  -130.006195       45.9491158       1.76240540    
  -129.987854       45.9479065       0.00000000    
  -129.989502       45.9465065      0.222216547    
  -129.978912       45.9399300       2.11640978    
  -129.970581       45.9347191       1.80549288    
  -130.024750       45.9647026       1.22079682    
  -129.962769       45.9570999       3.45561653E-02
  -129.991943       45.9610825       1.53300667    
  -130.026871       45.9500008      0.501778424    
  -130.055298       45.9811897       3.42155504    
  -130.027008       45.9397087       1.32447982    
  -130.024536       45.9291306       1.64326501    
  -129.997910       45.9475441       8.46397653E-02
  -130.028290       45.9855766       3.60630560    
  -130.028351       45.9542923       1.92656446    
  -129.994537       45.9614143       2.02755904    
  -129.964279       45.9381332      0.564287543    
  -129.999542       45.9823341       2.74516678    
  -129.969727       45.9350967       1.46677279    
  -129.971924       45.9302292       1.47922611    
  -129.989441       45.9747200       9.28247720E-02
  -129.971008       45.9606552       8.21757317E-02
  -130.023773       45.9489288      0.518445492    
  -130.015305       45.9199104      0.449304879    
  -130.025757       45.9496727      0.464062035    
  -130.001343       45.9619637       0.00000000    
  -129.983673       45.9133148       3.20911929E-02
  -129.976532       45.9370499       1.50689888    
  -129.982056       45.9460220       3.51396990    
  -129.995972       45.9497528       2.85164081E-02
  -129.977173       45.9385185       1.77319121    
  -129.976471       45.9284477       1.52051640    
  -129.988190       45.9756508      0.411243230    
  -129.982315       45.9260445       1.46918511    
  -130.012909       45.9415665      0.251879811    
  -130.011520       45.9432297      0.423223883    
  -129.989090       45.9237938       1.55099618    
  -129.985428       45.9838448       1.64172673    
  -129.981964       45.9314880       1.00574541    
  -129.989777       45.9840927       2.94604826    
  -130.044769       45.9806786       1.77561176    
  -129.965118       45.9354477       1.79861414    
  -129.992554       45.9827271       2.15682197    
  -129.996582       45.9514236      0.136153564    
  -129.993347       45.9680557       2.69304705    
  -129.978210       45.9259949       1.47842157    
  -129.972717       45.9245872       1.84141004    
  -129.990753       45.9632416       1.46841288    
  -129.995117       45.9764595      0.789448857    
  -130.004059       45.9424324      0.137466908    
  -129.984863       45.9868088       2.19912410    
  -129.984589       45.9229279       2.01725578    
  -130.004669       45.9437294      0.993688703    
  -129.991165       45.9732552       2.52297759    
  -130.024689       45.9470177      0.440653384    
  -129.977478       45.9251366       1.86879671    
  -129.970062       45.9205856      0.731230557    
  -129.993134       45.9686394       1.06049609    
  -129.983444       45.9226074      0.906775296    
  -129.976013       45.9253922      0.791050673    
  -129.975021       45.9248123      0.612846017    
  -130.046356       45.9750328       2.98290658    
  -129.977982       45.9246025       1.70321476    
  -129.975281       45.9474258       0.00000000    
  -129.975601       45.9252701       1.69374287    
  -129.971481       45.9366608       2.04136181    
  -129.975311       45.9228134       1.03941429    
  -130.037643       45.9555359       1.65193844    
  -130.039795       45.9570580      0.759318709    
  -130.003891       45.9762421       2.75003767    
  -129.990387       45.9780807       1.79192901    
  -129.996979       45.9478683       8.00733268E-02
  -130.022583       45.9397736       1.28165340    
  -129.975494       45.9379272       1.62026131    
  -129.974838       45.9378700       2.14650130    
  -129.989899       45.9410706      0.128388643    
  -130.007294       45.9805756       2.60715485    
  -130.025604       45.9289970       3.34749413    
  -130.032898       45.9465103       2.34301043    
  -129.987946       45.9690857       2.31932521    
  -129.993195       45.9735107      0.497995943    
  -129.969971       45.9267654      0.785351396    
  -129.970749       45.9243622       2.11839771    
  -129.964935       45.9287109       1.30821097    
  -129.992371       45.9316254       1.64367938    
  -129.995529       45.9632645       2.89525008    
  -130.023254       45.9380150       3.08748484    
  -130.035828       45.9521484       1.81924701    
  -129.972809       45.9337120       1.72605407    
  -129.979874       45.9333229       1.48900056    
  -129.974289       45.9336166       1.81591284    
  -129.994385       45.9521751      0.439455926    
  -129.994431       45.9583778       1.45396435    
  -129.971771       45.9315109       1.70054746    
  -129.973267       45.9382515       2.12476802    
  -129.994141       45.9506569      0.375652343    
  -129.975220       45.9350700       1.71552718    
  -129.979538       45.9210815       1.94712591    
  -129.998840       45.9451675       0.00000000    
  -129.994202       45.9654694       2.55724359    
  -129.998505       45.9656372       2.48810649    
  -130.016785       45.9774170       4.76759958    
  -129.999741       45.9741859       3.61358666    
  -129.961212       45.9280624       1.20335579    
  -129.989777       45.9749451       2.34879112    
  -129.996185       45.9807320       0.00000000    
  -130.025681       45.9889259       3.14586091    
  -129.972168       45.9834404      0.108671486    
  -130.024200       45.9884224       5.01351309    
  -130.021973       45.9912872       2.27335119    
  -130.005737       45.9803848       5.33771849    
  -130.008316       45.9453125       0.00000000    
  -130.026001       45.9961205       2.41786098    
  -130.017578       45.9329185      0.797258794    
  -130.018829       45.9958649       2.19208527    
  -130.027710       45.9454460       1.81704962    
  -129.988983       45.9256439      0.909229457    
  -129.994766       46.0064697       1.67126310    
  -130.000793       45.9672737       1.77783704    
  -129.991714       45.9586716       1.69245338    
  -130.019012       45.9834633      0.576739252    
  -130.031677       45.9806900       3.28734946    
  -130.015045       45.9405746      0.455787063    
  -129.970825       45.9319611      0.939457834    
  -129.973969       45.9356613       2.25965786    
  -130.000565       45.9505234      0.455115438    
  -129.974915       45.9283714       1.85049927    
  -129.980164       45.9252434       1.61791050    
  -129.987488       45.9850159      0.742244124    
  -129.986145       45.9697342       1.69776452    
  -129.997574       45.9833603       3.01517105    
  -129.995361       45.9840279       2.19174242    
  -129.990784       45.9690170      0.200104326    
  -129.994171       45.9506721       0.00000000    
  -129.991089       45.9788284       3.53980732    
  -129.978424       45.9385948       1.87603712    
  -129.982910       45.9530983       2.33687520    
  -129.984055       45.9553413       2.07071447    
  -129.990875       45.9466476      0.333086699    
  -129.995880       45.9548073       0.00000000    
  -129.989807       45.9620514       1.43637419    
  -130.029968       45.9374504       1.62213528    
  -130.024719       45.9425812       1.01474309    
  -130.013428       45.9385757      0.290435791    
  -129.963257       45.9766617       3.89860606    
  -129.985626       45.9414101      0.178756192    
  -129.990662       45.9775505       2.29968953    
  -129.964111       45.9625702       4.96919192E-02
  -129.983917       45.9809265       1.52794003    
  -129.991272       45.9559631       2.05513620    
  -129.991699       45.9484978      0.438946575    
  -130.023987       45.9492607      0.404781282    
  -129.976715       45.9607925      0.911720574    
  -129.985352       45.9361076       2.02039576    
  -129.979248       45.9409218       2.37701178    
  -129.976044       45.9310951       1.38266182    
  -129.984085       45.9742355      0.758509278    
  -129.991119       45.9806213      0.691349685    
  -129.981995       45.9564857       1.29699028    
  -130.015350       45.9401894      0.441873729    
  -130.015030       45.9402809      0.268847585    
  -130.008514       45.9336052       2.02899265    
  -129.970123       45.9617271       2.20758915    
  -129.999924       45.9431686      0.207903266    
  -130.011322       45.9387398      0.313624233    
  -129.984787       45.9417458      0.248200849    
  -129.985107       45.9552078       1.89276338    
  -129.981781       45.9552078       1.93374217    
  -129.989410       45.9498367      0.442641109    
  -129.983643       45.9470673       0.00000000    
  -129.987854       45.9510994       1.75756836    
  -129.975677       45.9600029       2.07858944    
  -129.975708       45.9605293       1.40138757    
  -129.979706       45.9556274       2.63388968    
  -129.991531       45.9456253      0.613140106    
  -129.984924       45.9368362      0.478353024    
  -129.972137       45.9636803       2.95152926    
  -129.983490       45.9552956       2.80785537    
  -129.978851       45.9586487       1.56950462    
  -129.986359       45.9515762       1.46207976    
  -129.985077       45.9513588       1.93380177    
  -130.012192       45.9294586       1.36202681    
  -129.989960       45.9516487      0.841599941    
  -129.987457       45.9428902      0.281372458    
  -130.020828       45.9393616      0.977227926    
  -130.007187       45.9862595      0.280253053    
  -129.999023       45.9588318       1.48713601    
  -130.021515       45.9432716      0.819442153    
  -130.069794       45.9564514       0.00000000    
  -130.027603       45.9488907       1.07265151    
  -130.030884       45.9389572       2.61941433    
  -130.020172       45.9481125      0.739066184    
  -130.028137       45.9562378       1.99873269    
  -129.995422       45.9692001       3.09635043    
  -129.985489       45.9708672      0.605614901    
  -130.034454       45.9446754       2.38979936    
  -129.991791       45.9735184       3.18716621    
  -130.035294       45.9483299       3.02103376    
  -130.017914       45.9431076      0.752253056    
  -129.994965       45.9580536       2.45194411    
  -129.966644       45.9250908       1.41004324    
  -130.013885       45.9405708      0.334339947    
  -130.033142       45.9326973       1.51812768    
  -130.028381       45.9480286       1.43096578    
  -130.027802       45.9552345       1.93553889    
  -129.987518       45.9277725       1.54475892    
  -129.996399       45.9520340      0.976885915    
  -129.970581       45.9601631       1.98270166    
  -129.991302       45.9452820      0.298587739    
  -129.992767       45.9585724       1.92450500    
  -129.991760       45.9665337      0.435385942    
  -129.988068       45.9761276       2.25568390    
  -129.974182       45.9338417       1.81033289    
  -129.973999       45.9350777       1.94157648    
  -129.970612       45.9367714       2.09185886    
  -129.951996       45.9257889      0.486510217    
  -129.984818       45.9240494      0.938329935    
  -129.975464       45.9344292       1.81049538    
  -129.975327       45.9337654       1.77549171    
  -129.965820       45.9251976       1.10594487    
  -129.977448       45.9550323       1.81899381    
  -129.976776       45.9347496       1.82126141    
  -129.984497       45.9442444      0.360778719    
  -129.985321       45.9404144       9.81807187E-02
  -129.986282       45.9403496      0.296582699    
  -129.983276       45.9378090       1.51454651    
  -129.976303       45.9359169       1.91349900    
  -129.980286       45.9356461       1.92949212    
  -129.986053       45.9406433      0.217156619    
  -129.976654       45.9372215       1.86323440    
  -129.979645       45.9340630       1.71350503    
  -129.974457       45.9348602       1.75862932    
  -129.961441       45.9337730       1.97225213    
  -129.974075       45.9398460       2.34643388    
  -129.982330       45.9408722       1.97345686    
  -129.976868       45.9391403       2.37069821    
  -129.985779       45.9444504      0.493852586    
  -129.978806       45.9374123       2.55504584    
  -129.981812       45.9395599       2.24381161    
  -129.972748       45.9376526       2.69861627    
  -129.979370       45.9425888       1.98044336    
  -129.984589       45.9468842      0.470717043    
  -129.979645       45.9391098       2.06023145    
  -129.979523       45.9434662       2.20256686    
  -129.975494       45.9362411       1.91583729    
  -129.972931       45.9324493       1.71275640    
  -129.974442       45.9345589       1.91712058    
  -129.984802       45.9410782      0.135976493    
  -129.989716       45.9580536       2.37428498    
  -129.993591       45.9467468      0.258947968    
  -129.986389       45.9760399      0.854849815    
  -129.997269       45.9517937      0.168165892    
  -129.989594       45.9733849      0.686253190    
  -129.990738       45.9742279       1.51699805    
  -129.985565       45.9416885      0.196584195    
  -130.025970       45.9453011       2.02257252    
  -130.019897       45.9422874      0.929573774    
  -129.965607       45.9229736       1.58495319    
  -129.974640       45.9363976       1.82491386    
  -130.027145       45.9337006      0.858796895    
  -130.017639       45.9344482      0.708684444    
  -129.980743       45.9539680       2.30908585    
  -129.996674       45.9514656       1.10468984    
  -129.979431       45.9566002       1.65567505    
  -129.976837       45.9594116       1.87158680    
  -129.997559       45.9748230       2.74903178    
  -129.976028       45.9618645       2.21396971    
  -129.975952       45.9382133       1.96603692    
  -129.975357       45.9555931       1.82497776    
  -129.986389       45.9429169      0.120757401    
  -129.979889       45.9342880       1.92270780    
  -129.995087       45.9461861      0.159708828    
  -130.022308       45.9440994      0.887030840    
  -129.955460       45.9578285       5.04542328E-03
  -129.997406       45.9341927      0.210144222    
  -129.983612       45.9425392       1.58484948    
  -129.978973       45.9404793       1.88763499    
  -129.978439       45.9392586       1.74129856    
  -129.983551       45.9561691       1.31146431    
  -129.978027       45.9384499       1.92475724    
  -129.991867       45.9699974       2.15736294    
  -129.978699       45.9599113       1.58737242    
  -129.986481       45.9659004       2.60840607    
  -129.996857       45.9487343       7.26190954E-02
  -129.996002       45.9485893       1.08160032E-02
  -129.965759       45.9424019       1.88931906    
  -129.991272       45.9452209      0.279955238    
  -129.981186       45.9382362       1.83139360    
  -129.985550       45.9413414      0.278748065    
  -129.974228       45.9388504       2.14454317    
  -129.979477       45.9395409       1.61124134    
  -129.974670       45.9728508       1.99608886    
  -129.991974       45.9673767       2.33144498    
  -129.993866       45.9661713      0.431101799    
  -129.963867       45.9325981       1.72698998    
  -129.978012       45.9409332       2.01613402    
  -129.985245       45.9421425       4.44016606E-03
  -129.972504       45.9257851      0.686480463    
  -130.024109       45.9426918       1.17757261    
  -130.025116       45.9385948       1.89288998    
  -129.981689       45.9378395       2.28820491    
  -129.971008       45.9399529       2.19391990    
  -129.991257       45.9760208       1.88320756    
  -129.996155       45.9774742       1.95285916    
  -129.993210       45.9794540       2.68969011    
  -129.979950       45.9422531       1.56193805    
  -129.998383       45.9471512       0.00000000    
  -129.973328       45.9410553       2.10319018    
  -129.968323       45.9416542       2.29500103    
  -129.976685       45.9387627       2.15759110    
  -129.974335       45.9453621       2.12853742    
  -129.970947       45.9416466       2.16753149    
  -129.966080       45.9259148       1.18128169    
  -129.962555       45.9405289       2.53222013    
  -129.976715       45.9421883       2.23840451    
  -129.974854       45.9405174       2.40196776    
  -129.967499       45.9193916       2.13373256    
  -129.972473       45.9389915       2.17036510    
  -129.976532       45.9499550       2.21037793    
  -129.967102       45.9358406       1.76819825    
  -129.968292       45.9393806       2.23553944    
  -130.022278       45.9580765       4.45801115    
  -130.011230       45.9445915      0.845647097    
  -129.966583       45.9377670      0.579898238    
  -129.961792       45.9427490      0.855975866    
  -129.970123       45.9395370       1.89928281    
  -129.978439       45.9691429       7.58063942E-02
  -129.991684       45.9451675      0.257640153    
  -129.969971       45.9409752       2.22004604    
  -129.982605       45.9541893       2.09748244    
  -129.982178       45.9680710      0.551630080    
  -129.963928       45.9430962       2.47314215    
  -129.985016       45.9421768      0.185219169    
  -129.972229       45.9401855       2.13981938    
  -129.968567       45.9404602       2.11124444    
  -129.968948       45.9395981       2.10092902    
  -129.973328       45.9431534       1.99102926    
  -130.046585       45.9481354       2.89552331    
  -129.977478       45.9380684       2.06209421    
  -129.966400       45.9362679       2.38440466    
  -129.975677       45.9356155       1.88726306    
  -130.004776       45.9220924      0.629056394    
  -129.977036       45.9400253       1.65063846    
  -129.982407       45.9663429       3.30126834    
  -129.973343       45.9414444       1.90394092    
  -130.003448       45.9880447       3.41150904    
  -129.966827       45.9458160       1.55540109    
  -129.973114       45.9395752       2.16105175    
  -129.982971       45.9581299       1.77358115    
  -129.969574       45.9398193       2.35342503    
  -129.972092       45.9347992       2.20219636    
  -129.978485       45.9385223       1.50060403    
  -129.973969       45.9398613       2.11178541    
  -129.986511       45.9599495       1.96910417    
  -129.984772       45.9417000      0.189239949    
  -129.971924       45.9399071       2.17501736    
  -129.970413       45.9355812       2.14592361    
  -129.960526       45.9367180       1.89356446    
  -129.969727       45.9391098       2.21303463    
  -129.957047       45.9423637       4.33872461    
  -129.970963       45.9397087       2.16430545    
  -129.986115       45.9423409      0.193123519    
  -129.979446       45.9725266       1.95983815    
  -129.971741       45.9657440       2.81707597    
  -129.972687       45.9421616       2.07877159    
  -129.969360       45.9411926       2.12467217    
  -129.966263       45.9309349       2.03435469    
  -129.975586       45.9386215       2.12726068    
  -129.967377       45.9393158       1.93990660    
  -129.971008       45.9402809       2.18374395    
  -129.968353       45.9431763      0.698675036    
  -129.970901       45.9408150       2.61926150    
  -130.001282       45.9423065       5.18225002    
  -129.934082       45.9067993       1.09012413    
  -129.975098       45.9435768       2.22550583    
  -130.007019       45.9510536      0.775975704    
  -129.965027       45.9391098       2.18552351    
  -129.964050       45.9424400       2.96330881    
  -129.970840       45.9387436       2.13034248    
  -129.967499       45.9385872       2.26556134    
  -129.992371       45.9419098       1.71001029    
  -129.974243       45.9380989       2.10153365    
  -129.973328       45.9374847       1.45715952    
  -129.969757       45.9381714       2.20546460    
  -129.940323       45.9390106       4.43996334    
  -129.975067       45.9416046       2.87029195    
  -129.970657       45.9384041       2.10852838    
  -129.964264       45.9333496       2.43577027    
  -129.978577       45.9397316       2.02067065    
  -129.985504       45.9423447      0.242818356    
  -129.973053       45.9396896       2.31831717    
  -129.975113       45.9391060       2.09579253    
  -129.972290       45.9409218       2.16411662    
  -129.968353       45.9378052       2.51941919    
  -129.968384       45.9371300       2.10661864    
  -129.971954       45.9387207       2.16056561    
  -129.971375       45.9960632      0.316646814    
  -129.981415       45.9411430       5.71160764E-03
  -129.971924       45.9399300       2.25275087    
  -129.969986       45.9407158       2.00990891    
  -129.965225       45.9405174       2.44692135    
  -129.982117       45.9393730       1.30702329    
  -129.984955       45.9420319       4.46196795E-02
  -129.972870       45.9409370       2.17739773    
  -129.970200       45.9366341       2.16288853    
  -129.978333       45.9427338      0.320144355    
  -129.973938       45.9384995       2.08487821    
  -129.976471       45.9386635       1.87059593    
  -129.973297       45.9387283       2.15340972    
  -129.970825       45.9394455       2.33554578    
  -129.975601       45.9399338       2.05129433    
  -129.986603       45.9416885      0.182239711    
  -129.975662       45.9365082       1.83871973    
  -129.972260       45.9429703       2.35485911    
  -129.966263       45.9397774       2.30395913    
  -129.972534       45.9403725       2.36729217    
  -130.002060       45.9946976      0.259327590    
  -129.972427       45.9385643       2.25822353    
  -129.969574       45.9399529       2.16920590    
  -129.968994       45.9409218       1.98422647    
  -129.963577       45.9381638       1.96412361    
  -129.975037       45.9393578       2.07722116    
  -129.985535       45.9413109      0.188415706    
  -129.974258       45.9287186       2.66972828    
  -129.985138       45.9417915       7.27151334E-02
  -129.965836       45.9399796       1.79093504    
  -129.967636       45.9386292       2.49440408    
  -129.969116       45.9388123       1.95285797    
  -129.972809       45.9407310       1.89726722    
  -129.972198       45.9382401       2.28602767    
  -129.984726       45.9434280       7.52572566E-02
  -129.969254       45.9398994       2.11049438    
  -129.974457       45.9433250       1.96890831    
  -129.978134       45.9409676       2.01240349    
  -129.970093       45.9425468       1.96743178    
  -129.974884       45.9441109       1.86992967    
  -129.971649       45.9411125       2.09905648    
  -129.989838       45.9669762       2.24803090    
  -129.973511       45.9386864       2.38174915    
  -129.969360       45.9403839       2.08169222    
  -129.970093       45.9378815       1.88401198    
  -129.978622       45.9422493       1.67788303    
  -129.992584       45.9519577       1.57122278    
  -129.973114       45.9380493       1.94334292    
  -129.979095       45.9437027      0.410074323    
  -129.979156       45.9426689       2.02066374    
  -129.974976       45.9424973       2.04420877    
  -130.000031       45.9654694       4.89430726E-02
  -129.984467       45.9417572      0.226077259    
  -129.973907       45.9425316       2.10030031    
  -129.972794       45.9424744       1.75249457    
  -130.003891       45.9400635      0.126482353    
  -129.967987       45.9449158       2.22614646    
  -129.973404       45.9415817       2.19482684    
  -129.980743       45.9433174       3.26670930E-02
  -129.969971       45.9428940       2.08680367    
  -129.969971       45.9417381       2.06799650    
  -129.988312       45.9422188      0.198294684    
  -129.996277       45.9488792       7.46984184E-02
  -129.974030       45.9423981       2.15183616    
  -129.973846       45.9385262       2.27608013    
  -129.973877       45.9427834       2.07526040    
  -129.970123       45.9357567       2.63168192    
  -129.971329       45.9423065       2.11137152    
  -129.970032       45.9396820       1.97687411    
  -129.971954       45.9422417       2.04516768    
  -129.963745       45.9396286       2.22183037    
  -129.978027       45.9411430       1.94448054    
  -129.974945       45.9424057       2.30514646    
  -129.971832       45.9433708      0.286944330    
  -129.973969       45.9398308       2.33793831    
  -129.972565       45.9412651       1.94917798    
  -129.977478       45.9420853       1.81326842    
  -129.983658       45.9447098      0.255944669    
  -129.985992       45.9420052      0.220652342    
  -129.972137       45.9437904       2.15785098    
  -129.978943       45.9433708       2.13028264    
  -129.967041       45.9431038       1.95474112    
  -129.975891       45.9403114       2.24736238    
  -129.987213       45.9413948      0.499883384    
  -129.979523       45.9310875       1.12116480    
  -129.968353       45.9350853       2.45939326    
  -129.973602       45.9418030       2.05421710    
  -129.976303       45.9393578       2.13087797    
  -129.979019       45.9428024       1.99824536    
  -129.970276       45.9471054       2.31205320    
  -129.973267       45.9428368       2.24611068    
  -129.977356       45.9418831       1.21700215    
  -129.973007       45.9381256       2.38717079    
  -129.986450       45.9418716      0.235155076    
  -129.976898       45.9403038       2.14258122    
  -129.976364       45.9396973       2.08927345    
  -129.969604       45.9425774       2.16905951    
  -129.966339       45.9369736       2.63880777    
  -129.971283       45.9413147       2.19782686    
  -129.964752       45.9452095       1.89169800    
  -129.965286       45.9334297       2.16089034    
  -129.979370       45.9502792      0.670313776    
  -129.964050       45.9414558       1.98434126    
  -129.967209       45.9410744       2.11125946    
  -129.973328       45.9418678       1.68306446    
  -129.968445       45.9368820       3.18745899    
  -129.968948       45.9406967       3.49052572    
  -129.972351       45.9436417       2.19837308    
  -129.970566       45.9417839       2.11977386    
  -129.977386       45.9425392       2.28100228    
  -129.978729       45.9401970       2.10808182    
  -129.974792       45.9389572       2.35291481    
  -129.984985       45.9410858      0.331289321    
  -129.972198       45.9503212       2.27240109    
  -129.986008       45.9410324      0.429429382    
  -129.976746       45.9491692       1.63045800    
  -129.986404       45.9421539      0.172739267    
  -129.980408       45.9421806       2.16548848    
  -129.975601       45.9407310       2.15406895    
  -129.975601       45.9404144       2.22410345    
  -129.971344       45.9432487       2.32901359    
  -129.977478       45.9438362       1.97186148    
  -129.965179       45.9419403       2.34703922    
  -129.971802       45.9426079       2.27620792    
  -129.975342       45.9434280       2.04500031    
  -129.973969       45.9399223       2.25420046    
  -129.969604       45.9426651       2.27319908    
  -129.977402       45.9416809       2.38684559    
  -129.985367       45.9418297      0.134719089    
  -129.973190       45.9419823       2.04982090    
  -129.972137       45.9416275       2.08379221    
  -129.975525       45.9430351       2.19853663    
  -129.986221       45.9425583      0.279591411    
  -129.968826       45.9364357       2.11146140    
  -129.970276       45.9427643       1.98645103    
  -129.974792       45.9426346       2.57066536    
  -129.982239       45.9495316       2.69762588    
  -129.987122       45.9429054      0.515595078    
  -129.974167       45.9393234       2.08638930    
  -129.972046       45.9421043       2.28094816    
  -129.972961       45.9381638       2.16643596    
  -129.969543       45.9362564       2.21407652    
  -129.985687       45.9430237      0.181455672    
  -129.978058       45.9411926       1.76743102    
  -129.964493       45.9376450       2.14610553    
  -129.977142       45.9400864       2.05087185    
  -129.964142       45.9312592       1.69753253    
  -129.974884       45.9398766       2.03389335    
  -129.967712       45.9425316       2.18656874    
  -129.970276       45.9414139       2.39846730    
  -129.978149       45.9408607       1.63739252    
  -129.966904       45.9409065       2.29024673    
  -129.977676       45.9431038      0.421330214    
  -129.967743       45.9421883       2.16765785    
  -129.960831       45.9427299       2.54337263    
  -129.984375       45.9427605      0.157006294    
  -129.980225       45.9410172       2.15227580    
  -129.986694       45.9418068      0.133291394    
  -129.977631       45.9453430       1.61302447    
  -129.975204       45.9398232       2.12592196    
  -129.974976       45.9393387       2.21054626    
  -129.965881       45.9376030       1.97632980    
  -129.970276       45.9443054       2.25337672    
  -129.974869       45.9246788      0.219201833    
  -129.974091       45.9407730       2.21264720    
  -129.981979       45.9445305       1.62999415    
  -129.964783       45.9412460       2.07790470    
  -129.973541       45.9386444       2.04122734    
  -129.968491       45.9423218       1.74047351    
  -129.977844       45.9430618       2.00695133    
  -129.970306       45.9414330       2.04756284    
  -129.972961       45.9452248       1.72895825    
  -129.971344       45.9442825       1.92959309    
  -129.967773       45.9376183       2.33739042    
  -129.976318       45.9405441       2.13566399    
  -129.977692       45.9424896       1.97650540    
  -129.976868       45.9423065       2.11007214    
  -129.962311       45.9410858       1.90615594    
  -129.968002       45.9404793       2.12615752    
  -129.985046       45.9431763      0.291015267    
  -129.977402       45.9373970       1.96339631    
  -129.984192       45.9436417      0.275337726    
  -129.965973       45.9281998       2.97140694    
  -129.969742       45.9374847       2.08506823    
  -129.976562       45.9429359       1.92659891    
  -129.973358       45.9444809       1.91596532    
  -129.983566       45.9384041       1.45368612    
  -129.978210       45.9424515       2.07050729    
  -129.971832       45.9440117       2.04785728    
  -129.969971       45.9421883       2.59499383    
  -129.970627       45.9432907       1.83468676    
  -129.972397       45.9386864       1.94258714    
  -129.985565       45.9424782      0.182533160    
  -129.990356       45.9592438      0.816998959    
  -129.964355       45.9397316       2.14992428    
  -129.971725       45.9437370       1.86950111    
  -129.974213       45.9416809       2.18627501    
  -129.972824       45.9410286       2.16771221    
  -129.974960       45.9393120       2.17186952    
  -129.984283       45.9480133       1.44957614    
  -129.977783       45.9452667       1.98869002    
  -129.938934       45.9430962       5.90333843    
  -129.968643       45.9294624       1.43501759    
  -129.968018       45.9344482       1.91869485    
  -129.984955       45.9426613      0.142883480    
  -129.968033       45.9368668       2.39184737    
  -129.971558       45.9455261       1.73662829    
  -129.984802       45.9426308       6.73649684E-02
  -129.979279       45.9547729       1.45534492    
  -129.976593       45.9386520       1.69575369    
  -129.970581       45.9304199      0.450133979    
  -129.970917       45.9340591       1.72557318    
  -129.978760       45.9403725       2.12303638    
  -129.973480       45.9406242      0.966313601    
  -129.969788       45.9430161       2.13255692    
  -129.980942       45.9356689      0.589299560    
  -129.973328       45.9405746       2.01429510    
  -129.978531       45.9370232       1.29082048    
  -129.989136       45.9419250       0.00000000    
  -129.974197       45.9349670       2.00113344    
  -129.975250       45.9377937       1.61596525    
  -129.973618       45.9318275       1.96537292    
  -130.022629       45.9431763      0.837055326    
  -129.978256       45.9367256       2.11255646    
  -130.021576       45.9437103      0.780234218    
  -130.023560       45.9436913      0.855844319    
  -129.974792       45.9361687       1.91450405    
  -129.983719       45.9401207       5.48083037E-02
  -129.957733       45.9885597      0.472970188    
  -129.968277       45.9456596       2.00996852    
  -130.025787       45.9452591      0.869875073    
  -129.966965       45.9319916       1.74319100    
  -129.964600       45.9417534       2.13241315    
  -129.982834       45.9523277       1.12472892    
  -129.974152       45.9409752       2.16518998    
  -129.980408       45.9367256       1.99000764    
  -129.971893       45.9431267       2.11270094    
  -129.965363       45.9274712       1.43027067    
  -129.975006       45.9427223       1.93142557    
  -129.985504       45.9427338      0.175705135    
  -129.979721       45.9306030       1.49041450    
  -129.970184       45.9454498       1.92070007    
  -129.969940       45.9450569       1.88712323    
  -129.973343       45.9439240       2.12931585    
  -129.972488       45.9421310       2.03556442    
  -129.975601       45.9440575       1.74126470    
  -129.974823       45.9416122       2.14590096    
  -129.963791       45.9398460       2.15694547    
  -129.976120       45.9394150       2.24459100    
  -129.984970       45.9419365       3.61768343E-02
  -129.967651       45.9388885       2.23574924    
  -129.970306       45.9320374       1.79058123    
  -129.980743       45.9306145       1.88583946    
  -129.969849       45.9392395       2.08830309    
  -129.951202       45.9197273       2.28688264    
  -129.987915       45.9188805      0.223806366    
  -129.985779       45.9420967      0.313808978    
  -129.969269       45.9296837       1.74793780    
  -129.989014       45.9464874       1.87964356    
  -129.973480       45.9447517       2.12198710    
  -129.970123       45.9439125       1.83168471    
  -129.972900       45.9394684       2.03596067    
  -129.962112       45.9328537      0.906608820    
  -129.970367       45.9441948       1.82105589    
  -129.983246       45.9487801       2.18462181    
  -129.961990       45.9431839       2.01888585    
  -129.970047       45.9427986       1.88366437    
  -129.985336       45.9439240      0.331768930    
  -129.970367       45.9462700       2.20039105    
  -129.977753       45.9441643       2.08563280    
  -129.985199       45.9426956      0.110452138    
  -129.970917       45.9448090       1.84992945    
  -129.973373       45.9454803       1.93661487    
  -129.987274       45.9428101      0.274037957    
  -129.975357       45.9433517       2.52818990    
  -129.968857       45.9439087       1.76896417    
  -129.965118       45.9392395       2.31929660    
  -129.985870       45.9438438      0.309612036    
  -129.973175       45.9452400       1.72010922    
  -129.969208       45.9405136       2.07538700    
  -129.975357       45.9475784       1.67272496    
  -130.004913       45.9478798      0.997619510    
  -129.985504       45.9431763      0.144985378    
  -129.976227       45.9393806       2.17856121    
  -130.023163       45.9438667      0.488055438    
  -129.972092       45.9471855       1.80053031    
  -129.977295       45.9315681       1.89147341    
  -129.975143       45.9342461       1.64743471    
  -129.986053       45.9379120       2.05816007    
  -129.975250       45.9328804       2.05580640    
  -129.985474       45.9434319      0.385249436    
  -129.984528       45.9440956      0.328930616    
  -129.973099       45.9441986       1.99526334    
  -129.968445       45.9436874       1.73983741    
  -129.965759       45.9399757       1.65341878    
  -129.966217       45.9314880       1.75962198    
  -129.969040       45.9344635       1.94739306    
  -129.970001       45.9408302       2.63568473    
  -129.972656       45.9481430       1.83352649    
  -129.966446       45.9305191       1.25851011    
  -129.962799       45.9345512      0.738746643    
  -129.942413       45.9326134       5.15636253    
  -129.997375       45.9432831       2.93896571E-02
  -129.969849       45.9375763       1.80822599    
  -129.975586       45.9301834       1.73101175    
  -129.974518       45.9418221       1.61295354    
  -129.969269       45.9329491       2.04905200    
  -129.985565       45.9440956      0.160457134    
  -129.971069       45.9457016       1.99097431    
  -129.987762       45.9393158      0.515788257    
  -129.970703       45.9357185       1.65587878    
  -129.976715       45.9446869       9.18167830E-02
  -129.985992       45.9435883      0.153702572    
  -129.981384       45.9351387       1.68933797    
  -129.985626       45.9412079      0.149348438    
  -130.020844       45.9435959       1.12104130    
  -129.984802       45.9436417      0.355083883    
  -129.971436       45.9451714       1.55398929    
  -129.970306       45.9258118       1.07728374    
  -130.022568       45.9312935       1.90328991    
  -129.981140       45.9392776       2.02650356    
  -130.016678       45.9406281      0.943836510    
  -130.026978       45.9422073       3.01284599    
  -129.972870       45.9376030       2.13460588    
  -129.985626       45.9431610      0.170070738    
  -129.973755       45.9381027       2.14893770    
  -129.974609       45.9445496       1.96155488    
  -129.974762       45.9335403       1.85237420    
  -129.975464       45.9342308       1.06703532    
  -129.974945       45.9377403       1.92446995    
  -129.984589       45.9432373      0.149881884    
  -129.996643       45.9789314       2.62638783    
  -129.970169       45.9342155       1.37390637    
  -129.987793       45.9448090      0.212958455    
  -129.971893       45.9274979       1.70863760    
  -129.976257       45.9339638       1.97531998    
  -129.973175       45.9337654       1.61871636    
  -129.982162       45.9327278      0.531243324    
  -129.985001       45.9428368      0.215820208    
  -129.974915       45.9319496       1.65964055    
  -129.974854       45.9352455       1.92433786    
  -129.938736       45.9210892       4.61931601E-02
  -129.972473       45.9450569       2.00006080    
  -129.998978       45.9471550      0.836579740    
  -129.988037       45.9371910       3.19340444    
  -129.971680       45.9360161       2.16067529    
  -129.971863       45.9353218       1.79401612    
  -129.982834       45.9365692       1.95877719    
  -129.977554       45.9343338       1.70819330    
  -129.979782       45.9374123       2.02162075    
  -129.968018       45.9304123       1.59228563    
  -129.986816       45.9379425      0.371791720    
  -129.967514       45.9333916       1.97487950    
  -129.976227       45.9322662       2.06276011    
  -129.979584       45.9371605       2.13537431    
  -129.971405       45.9361839       2.15693784    
  -129.977615       45.9343681       1.82561624    
  -129.967239       45.9365692       1.89873815    
  -129.976013       45.9357681       2.30570364    
  -129.977722       45.9365883       1.71026158    
  -129.976868       45.9339294       2.00681639    
  -130.004974       45.9429398       1.06672573    
  -129.977417       45.9420471       1.54466617    
  -129.977325       45.9426575       2.06560230    
  -129.984589       45.9396477      0.644633949    
  -129.969330       45.9249229      0.842240512    
  -129.966537       45.9439697       1.85196853    
  -129.981598       45.9333954       2.00882244    
  -129.987885       45.9713860       1.00031888    
  -129.961105       45.9358902       1.96349955    
  -129.990387       45.9450874      0.505401373    
  -129.974411       45.9312325       5.18492907E-02
  -129.977264       45.9311714       1.59645438    
  -129.974686       45.9230766       2.17042184    
  -130.031677       45.9536743       2.20399761    
  -130.032303       45.9533920       2.08055544    
  -130.027649       45.9457626      0.602328300    
  -129.981018       45.9300995       1.37522459    
  -130.032593       45.9420319      0.229465812    
  -129.975159       45.9440002       2.13422108    
  -129.991882       45.9647903      0.835460782    
  -129.978790       45.9438400       1.99811423    
  -129.970459       45.9317398       2.02279902    
  -129.960022       45.9336853       2.10279965    
  -129.969543       45.9476662       1.76610518    
  -129.978119       45.9456253       1.93135810    
  -129.983597       45.9444389      0.205250815    
  -130.031403       45.9422340       1.41694462    
  -129.975601       45.9440231       1.76221824    
  -129.968811       45.9505692       1.77474010    
  -129.967163       45.9322662       1.86975741    
  -129.987335       45.9454956       2.60656811E-02
  -129.982422       45.9454956       1.91754699    
  -129.999741       45.9437523      0.995677710    
  -130.016968       45.9454346      0.616095245    
  -129.986740       45.9426270      0.278649449    
  -129.973251       45.9497147       1.94755530    
  -129.970657       45.9462280       1.65982533    
  -129.985214       45.9429359      0.127034396    
  -129.972321       45.9488792       1.68801522    
  -129.973145       45.9373512       1.65844893    
  -129.998611       45.9880142      0.131345391    
  -129.980591       45.9449196       1.79853940    
  -129.971161       45.9456329       2.01014423    
  -129.980713       45.9444962       1.66241205    
  -129.969803       45.9446182       1.99202895    
  -129.974350       45.9442711       1.38282704    
  -129.970490       45.9464455       1.70497096    
  -129.984879       45.9432068      0.113697708    
  -129.973312       45.9396744       2.51263547    
  -129.976227       45.9415245       1.88895893    
  -129.973236       45.9469185       1.88168859    
  -129.976074       45.9435768       1.73299634    
  -129.969864       45.9452705       1.64985263    
  -129.969894       45.9339943       2.29693699    
  -129.993713       45.9747658       1.31396627    
  -129.965942       45.9454842       1.71359944    
  -129.951965       45.9210205      0.336349785    
  -129.964203       45.9421158       1.79958045    
  -129.980270       45.9428024       0.00000000    
  -129.984024       45.9433060      0.166879684    
  -129.975037       45.9443016       2.07591796    
  -129.983749       45.9430275      0.116737038    
  -129.967026       45.9434166       1.26801538    
  -129.974487       45.9467697       1.22633886    
  -129.979355       45.9503212       1.76894903    
  -129.976166       45.9333916       1.27426815    
  -129.973953       45.9436836       1.86470568    
  -129.976624       45.9454041       1.90455496    
  -129.966248       45.9448967       1.73449945    
  -129.983185       45.9451256       1.75608909    
  -129.979004       45.9446411       1.95264304    
  -129.991119       45.9389496       1.94291937    
  -129.999908       45.9388237      0.659715950    
  -129.970520       45.9435997       1.78845990    
  -129.978119       45.9427757       1.43162072    
  -129.973572       45.9336853       2.04303646    
  -129.991608       45.9599266      0.803635299    
  -129.972931       45.9476128       1.81937444    
  -129.971298       45.9450645       1.96893644    
  -129.975876       45.9440269       1.87704694    
  -129.980103       45.9468269       1.91056001    
  -129.984222       45.9428825       9.69641283E-02
  -129.980087       45.9456749       2.01211524    
  -130.014526       45.9419250       8.68469477E-02
  -129.982803       45.9432182       1.93964815    
  -129.979950       45.9457626       1.72999656    
  -129.968277       45.9433327       1.90995300    
  -129.978607       45.9461670       2.12175775    
  -129.970612       45.9463425       1.78951478    
  -129.969894       45.9526749       1.86224806    
  -129.972473       45.9505119       1.81353664    
  -130.027374       45.9382324       1.85000181    
  -129.968109       45.9359665       1.97602832    
  -129.969360       45.9471283       1.81206930    
  -129.964279       45.9473953      0.487534463    
  -129.984680       45.9419403       1.90512514    
  -129.975479       45.9455490       1.78649175    
  -129.983719       45.9431686      0.137225807    
  -129.986084       45.9468040       0.00000000    
  -129.986816       45.9457397      0.485103846    
  -130.009460       45.9183235       1.69588077    
  -129.968903       45.9382401       2.32367706    
  -129.967392       45.9509621       5.03191376    
  -130.021820       45.9446106       1.23243797    
  -129.969803       45.9336548       1.74027133    
  -130.027771       45.9374962       1.75809896    
  -129.999054       45.9488907      0.254501581    
  -129.988007       45.9835548       3.22602606    
  -129.977081       45.9382477       1.74370873    
  -130.015289       45.9414902      0.412049204    
  -129.978882       45.9336777       1.55283201    
  -129.994110       45.9449158      0.807993948    
  -130.025940       45.9395485       1.43756104    
  -129.963104       45.9271889      0.625129104    
  -129.968872       45.9371490       1.98309326    
  -129.996460       45.9624023       3.05958581    
  -129.968338       45.9279060       1.53300571    
  -129.978333       45.9328194       1.37662005    
  -129.993805       45.9818039       3.04171109    
  -129.978149       45.9499969       1.87698674    
  -129.996567       45.9451523      0.103233844    
  -129.993729       45.9804764       3.35035372    
  -129.994934       45.9752693      0.753074229    
  -129.971558       45.9389915       1.69978297    
  -129.973236       45.9469604       1.52811635    
  -129.987457       45.9699860      0.114301428    
  -129.986938       45.9444084      0.872154176    
  -129.973419       45.9359665       1.89884853    
  -129.997055       45.9508018      0.323826730    
  -129.991394       45.9841347       2.02313638    
  -129.986557       45.9441719      0.351641685    
  -130.000793       45.9671822      0.193758309    
  -129.976791       45.9564972       1.70008290    
  -129.999451       45.9637718      0.107458703    
  -129.983948       45.9428940       8.08070228E-02
  -129.992050       45.9790688      0.544347882    
  -130.006531       45.9712715       2.14316130    
  -130.007935       45.9200058       2.58662415    
  -129.992279       45.9480171      0.297413588    
  -129.985107       45.9389381       0.00000000    
  -130.003891       45.9820061       1.15170717    
  -129.980377       45.9146500       1.31976128    
  -129.993408       45.9226151       1.59205270    
  -129.994263       45.9225693       2.00358200    
  -129.974350       45.9422150       1.94334197    
  -129.997925       45.9702187       2.93636036    
  -129.998138       45.9755516      0.113872088    
  -129.970642       45.9349060       1.62471807    
  -130.009003       45.9308128      0.208420366    
  -130.024048       45.9380951       1.71296179    
  -129.981079       45.9420929       0.00000000    
  -129.981537       45.9585457       2.04163313    
  -129.985733       45.9406281       6.49640113E-02
  -129.976807       45.9565201       1.25555825    
  -129.975098       45.9566422       1.49706912    
  -129.993073       45.9583359       2.44126582    
  -129.989548       45.9636421       2.56550455    
  -129.988190       45.9669380       3.16751981    
  -129.975937       45.9365692       1.49141216    
  -129.990677       45.9704094       2.61610460    
  -129.991821       45.9717064       2.39119434    
  -129.975250       45.9542694       1.62616789    
  -129.994568       45.9433250      0.271959692    
  -129.992218       45.9603996      0.395878077    
  -129.989670       45.9469986      0.454741001    
  -129.997086       45.9460258       3.79966795E-02
  -129.979279       45.9582596       1.90688407    
  -129.977722       45.9732971      0.525517762    
  -129.976608       45.9411888       1.94523752    
  -129.997192       45.9481697       1.57663077E-02
  -129.971588       45.9347305       1.69666731    
  -129.968842       45.9379272       2.15373206    
  -130.024567       45.9476585       3.03176212    
  -129.980652       45.9485741       1.57721961    
  -129.979248       45.9424744       1.53437102    
  -130.027420       45.9458961       1.59573293    
  -129.972321       45.9532738       1.76380634    
  -129.981201       45.9489708       1.77965879    
  -129.972961       45.9396858       1.95119119    
  -130.000992       45.9864769       2.32499146    
  -129.980835       45.9523849       1.32232296    
  -130.005035       45.9218140       1.69750559    
  -129.971985       45.9227753       2.03026795    
  -129.995758       45.9438667      0.466656655    
  -129.972900       45.9379234       1.84989381    
  -129.998947       45.9895744      0.222621471    
  -129.972855       45.9563599       1.41459894    
  -130.012161       46.0016975      0.434605002    
  -129.977631       45.9317322       1.65731144    
  -129.998474       45.9481468      0.161221772    
  -130.000061       45.9847260       2.73471808    
  -129.973450       45.9547844       1.87058794    
  -130.009781       45.9938393      0.466057301    
  -129.990082       45.9477119      0.509756088    
  -129.991180       45.9809036       1.71721721    
  -129.966858       45.9374619       1.92971563    
  -130.005341       45.9907227       2.78075933    
  -129.974030       45.9386559       1.87797904    
  -129.973709       45.9386940       1.81282473    
  -129.968201       45.9386520       1.67682528    
  -129.993195       45.9707146       2.50242138    
  -129.995056       45.9553299      0.464490294    
  -129.994080       45.9487610      0.404231399    
  -129.966461       45.9407082      0.438538611    
  -129.987915       45.9445915       3.77027765E-02
  -129.998749       45.9877090       1.75239944    
  -129.969635       45.9304771       2.39350176    
  -129.968048       45.9317322       1.50414956    
  -129.979706       45.9355354       1.93200517    
  -129.971130       45.9315643       1.39791715    
  -129.971252       45.9332771       2.05764937    
  -130.019287       45.9394531      0.739332139    
  -129.981293       45.9751282       1.16694152    
  -129.966782       45.9322815       1.74063158    
  -129.959229       45.9288216       1.08073759    
  -129.992813       45.9449425      0.493437767    
  -129.971939       45.9316635       1.85225725    
  -129.989349       45.9599037       1.64594519    
  -130.009354       45.9528465      0.751650512    
  -129.988403       45.9752922       1.63778281    
  -129.990021       45.9581833       1.49711907    
  -129.979660       45.9192581       2.18549252    
  -130.030609       45.9500732       1.19306612    
  -129.986084       45.9612160       1.38268411    
  -129.995178       45.9719429       1.72614288    
  -129.995880       45.9457626      0.480987430    
  -130.014175       45.9475784      0.164835006    
  -129.992035       45.9736481      0.539087474    
  -129.979126       45.9313850       1.15449584    
  -129.969574       45.9269562       1.52316892    
  -129.971832       45.9324913       1.51291287    
  -129.976013       45.9335403       2.33366871    
  -129.972565       45.9322014       1.56197596    
  -129.966171       45.9465904       1.40748119    
  -129.980988       45.9277420       2.21515322    
  -129.990082       45.9682732       2.37576151    
  -129.973053       45.9324493       1.71230841    
  -129.969879       45.9310150       1.92145395    
  -129.973053       45.9318466       1.83896708    
  -129.970276       45.9301949       1.97905481    
  -129.975800       45.9320641       1.76561558    
  -129.986984       45.9553986       1.02158749    
  -129.973358       45.9284515       1.50279832    
  -130.027924       45.9514427      0.898075461    
  -129.971863       45.9351196       1.95180023    
  -129.987000       45.9418488      0.190866977    
  -130.030579       45.9549828       1.57747209    
  -129.976151       45.9213486       1.07100141    
  -129.970901       45.9343681       1.93203628    
  -130.016083       45.9355316      0.362945974    
  -129.976288       45.9405937       1.79647696    
  -129.974457       45.9404068       1.89282429    
  -129.993622       45.9773521       2.44757485    
  -129.976532       45.9400406       1.72858608    
  -129.972839       45.9370766       1.67701709    
  -129.972580       45.9303856       1.73109579    
  -129.961700       45.9337425       2.05286169    
  -129.972336       45.9369011       2.25573826    
  -129.986145       45.9446754      0.606404483    
  -129.976501       45.9388084       1.71162343    
  -129.969406       45.9364433       2.06164169    
  -129.972565       45.9357262       2.01721048    
  -129.985641       45.9418259      0.105382085    
  -129.971680       45.9360733       2.11494851    
  -129.994003       45.9576950       2.02678418    
  -129.968567       45.9357491       2.05313611    
  -129.968414       45.9363556       2.11913896    
  -129.969406       45.9373741       2.35955143    
  -129.981415       45.9383392       1.55320132    
  -129.979553       45.9541397       1.09465349    
  -130.001602       45.9737320      0.399025023    
  -129.965942       45.9256172       1.30545270    
  -129.985703       45.9757385       1.30450010    
  -129.971283       45.9365768       1.98012400    
  -129.988052       45.9419518       2.30841684    
  -129.975906       45.9362869       1.85135674    
  -129.992889       45.9697418       1.97858810    
  -129.982849       45.9705086      0.440021098    
  -130.073792       45.9144402       9.99868587E-02
  -129.976624       45.9271126      0.166170985    
  -129.996918       45.9475555      0.189835638    
  -129.996613       45.9495430       2.37088278E-02
  -129.974487       45.9747772       2.76005602    
  -129.991165       45.9480591      0.367653221    
  -130.024231       45.9350853       1.27116454    
  -129.971924       45.9374008       1.68534946    
  -129.984451       45.9386330      0.695278406    
  -129.966797       45.9322739       1.69475162    
  -129.992569       45.9663658       2.14921498    
  -129.961731       45.9312973       1.41196084    
  -129.958496       45.9302101       2.51166010    
  -130.025803       45.9388885      0.991764784    
  -129.985443       45.9704895       1.93644714    
  -129.983109       45.9439926       1.07819867    
  -129.983521       45.9431725      0.196744114    
  -130.010620       45.9348946       1.20671916    
  -130.027710       45.9408264      0.983129978    
  -130.027985       45.9497070      0.488170117    
  -129.993103       45.9504051       5.96916117E-02
  -129.987228       45.9736366       1.97596908    
  -129.995819       45.9481354       1.78837478E-02
  -129.968445       45.9367981       2.00662804    
  -129.984924       45.9540710       1.54169881    
  -130.014191       45.9404373      0.357290447    
  -130.015930       45.9403191      0.415531784    
  -129.984680       45.9415894       9.77945998E-02
  -129.981995       45.9404373       1.79064977    
  -129.971039       45.9370193       1.86951661    
  -129.970596       45.9310150       1.83683503    
  -129.984604       45.9413414      0.433966935    
  -129.983551       45.9434128      0.230625898    
  -129.994263       45.9198074       3.34564114    
  -129.993744       45.9789810       3.11994362    
  -130.018768       45.9731865       0.00000000    
  -129.998810       45.9765892       3.32131100    
  -129.996078       45.9793930       2.68952870    
  -130.022675       45.9485741       1.25381374    
  -130.025131       45.9480591      0.874486446    
  -130.024902       45.9505119       1.08284461    
  -130.028351       45.9560280       1.98438692    
  -130.001205       45.9498520      0.212048203    
  -130.002289       45.9495926       7.61996061E-02
  -130.021164       45.9489822      0.629109502    
  -130.028839       45.9547729       1.99747932    
  -130.026886       45.9515648       1.22736251    
  -130.020355       45.9417458      0.620266736    
  -129.999481       45.9627571       2.64638209    
  -129.978638       45.9437294       1.43535829    
  -129.998230       45.9526749       1.00589848    
  -129.969406       45.9249344       1.12748861    
  -129.992569       45.9726562       1.12979376    
  -129.996277       45.9484520       6.31877705E-02
  -129.972794       45.9309692       1.69526649    
  -130.005157       45.9394951      0.243010908    
  -129.974243       45.9315224       1.60232031    
  -129.995926       45.9557343      0.330710083    
  -129.980225       45.9834480      0.246246621    
  -129.967407       45.9314308       1.91013050    
  -129.996887       45.9487648      0.111467518    
  -130.018173       45.9306107       2.15079975    
  -129.971313       45.9383888       1.89795971    
  -129.950623       45.9141617       1.17192316    
  -130.029266       45.9552116       1.91576064    
  -129.971863       45.9376678       2.11407828    
  -130.024994       45.9490471      0.776308060    
  -129.983490       45.9237366       1.60576034    
  -129.992279       45.9714203       2.80467105    
  -129.962189       45.9380035       1.30427337    
  -129.974152       45.9316330       1.95820677    
  -129.974503       45.9311409       1.74160624    
  -129.974625       45.9319763       1.54598057    
  -129.972595       45.9156189       1.12065744    
  -129.991440       45.9216461       2.00559855    
  -129.992493       45.9464722      0.356904805    
  -129.992310       45.9473991      0.170982569    
  -129.968491       45.9374352       2.03665185    
  -129.991516       45.9632416       2.43889618    
  -129.976959       45.9626236      0.452478230    
  -129.993744       45.9453697      0.279739410    
  -129.970215       45.9299164       1.55200076    
  -129.967773       45.9396973       1.78051746    
  -129.972290       45.9453468      0.113940820    
  -129.977600       45.9553986       1.47181380    
  -129.971710       45.9326859       1.69339311    
  -129.976105       45.9317932       1.62374055    
  -129.988129       45.9631844       1.80572498    
  -129.965820       45.9281311       1.30658078    
  -130.011353       45.9872894       3.45465541    
  -129.991425       45.9459648      0.351487488    
  -129.997711       45.9674110       3.02894187    
  -129.977081       45.9267197      0.627380252    
  -129.972565       45.9264946       1.43745875    
  -129.973969       45.9332466       1.71503568    
  -129.982986       45.9319267       1.40269291    
  -129.973862       45.9302216       1.34511316    
  -129.970825       45.9336700       2.01879287    
  -129.975037       45.9332085       1.97411358    
  -129.990829       45.9648743       2.55135798    
  -129.996277       45.9489441       4.43782769E-02
  -130.019287       45.9405479       1.31418824    
  -129.981323       45.9534264       2.38701677    
  -129.993347       45.9491882       3.11922394E-02
  -130.024109       45.9508286       1.00000811    
  -130.021820       45.9451904      0.827363014    
  -130.032135       45.9502106       1.16905749    
  -129.992371       45.9700279       2.13421416    
  -129.991943       45.9763527       3.98932862    
  -130.013092       45.9423866      0.252347350    
  -129.996002       45.9780579       2.17543054    
  -129.988861       45.9767113       1.78097022    
  -130.022430       45.9495239      0.828229368    
  -130.016083       45.9403572      0.280370712    
  -129.996994       45.9513588      0.596414387    
  -129.977692       45.9267006       1.90772164    
  -129.975189       45.9262962       1.46802616    
  -130.006393       45.9632454       1.76436591    
  -129.971741       45.9308968       1.68910623    
  -129.973938       45.9371872       1.66630924    
  -129.996338       45.9489632      0.114591509    
  -129.988892       45.9717751       1.69099748    
  -129.986481       45.9712486      0.698903859    
  -130.015656       45.9433250      0.319406450    
  -129.963715       45.9658203      0.276427448    
  -129.990936       45.9662666       2.60102224    
  -129.994354       45.9682236       2.38933563    
  -129.996613       45.9657860       3.33969879    
  -129.969406       45.9335747       1.77433312    
  -129.979828       45.9417267       2.06597877    
  -129.962585       45.9262733       1.36636984    
  -129.996338       45.9963951       1.72365820    
  -130.013229       45.9878502      0.238092259    
  -130.029831       45.9516830       1.23755074    
  -130.027405       45.9519463      0.789942801    
  -129.982773       45.9723282      0.664522827    
  -130.037354       45.9481621      0.518379927    
  -129.972992       45.9270554       1.66261518    
  -129.992340       45.9462204      0.358242393    
  -129.995422       45.9455185       1.89211313E-02
  -130.050476       45.9785423       3.65562892    
  -129.983093       45.9381180      0.547160745    
  -130.011078       45.9448967      0.162946761    
  -130.002823       45.9637222       2.44764686    
  -129.962616       45.9279518      0.788052917    
  -129.969147       45.9373741       1.82442677    
  -129.975098       45.9376030       1.78740835    
  -129.966080       45.9373093       2.07332754    
  -129.969391       45.9354820       2.02366829    
  -130.011032       45.9335518      0.480159521    
  -129.976257       45.9364395       1.57896781    
  -129.970581       45.9376793       1.76575804    
  -129.964706       45.9326897       1.76475012    
  -129.995941       45.9297905      0.935443521    
  -129.999695       45.9526863      0.210422501    
  -129.963776       45.9372635       2.22048616    
  -129.958069       45.9348869       1.13450992    
  -129.967072       45.9353333       1.79709244    
  -129.976288       45.9359322       1.58762205    
  -129.972137       45.9355812       1.85650718    
  -129.980820       45.9671173      0.309220910    
  -129.974808       45.9410400       2.09145474    
