          60          60
           1           2           0           0           0           0
           0           0           0           0           0           0
           0           0           0           0           0           0
           0           0           0           0           0           0
           0           0           0           0           0           0
           0           0           0           0           0           0
           0           0           0           0           0           0
           0           0           0           0           0           0
           0           0           0           0           0           0
           0           0           0           0           0           0
           0           0           0           0           0           0
           0           0           0           0           0           0
           0           0           0           0           0           0
           0           0           0           0           0           0
           0           0           0           0           0           0
           0           0           0           0           0           0
           0           0           0           0           0           0
           0           0           0           0           0           0
           0           0           0           0           0           0
           0           0           0           0           3           4
           1           2           0           0           0           0
           0           0           0           0           0           0
           0           0           0           0           0           0
           0           0           0           0           0           0
           0           0           0           0           3           5
           6           8           0           0           0           0
           0           0           0           0           0           0
           0           0           0           0           0           0
           0           0           0           0           0           0
           0           0           0           0           0           0
           0           0           9          12          13          15
          16          18          19          21          22          24
          25          27           0           0           0           0
          28          30          31          33          34          36
          37          41          42          47          48          53
          54          58          59          65          66          70
          71          74          75          79          80          85
          86          91          92          94           0           0
           0           0           0           0           0           0
           0           0           0           0          95          96
           1           2           0           0           0           0
           0           0           0           0           0           0
           0           0           0           0           0           0
           0           0           0           0           0           0
           0           0           0           0           3           5
           6           8           9          11           0           0
           0           0           0           0           0           0
           0           0           0           0           0           0
           0           0           0           0           0           0
           0           0           0           0           0           0
          12          14          15          18          19          22
          23          25          26          28          29          31
          32          34          35          37           0           0
          38          40          41          43          44          47
          48          53          54          59          60          65
          66          72          73          78          79          83
          84          89          90          96          97         102
         103         106           0           0           0           0
         107         110           0           0           0           0
           0           0           0           0         111         115
           1           2           0           0           0           0
           0           0           0           0           0           0
           0           0           0           0           0           0
           0           0           0           0           0           0
           0           0           0           0           0           0
           3           5           6           8           0           0
           0           0           0           0           0           0
           0           0           0           0           0           0
           0           0           0           0           0           0
           0           0           0           0           0           0
           9          11          12          15          16          18
          19          21          22          24          25          27
          28          30           0           0          31          33
          34          36          37          39          40          44
          45          50          51          56          57          63
          64          69          70          74          75          80
          81          87          88          93          94          97
           0           0           0           0          98         100
         101         103           0           0           0           0
         104         106         107         110         111         115
           1           2           0           0           0           0
           0           0           0           0           0           0
           0           0           0           0           0           0
           0           0           0           0           0           0
           0           0           0           0           0           0
           0           0           3           5           6           8
           0           0           0           0           0           0
           0           0           0           0           0           0
           0           0           0           0           0           0
           0           0           0           0           0           0
           9          11          12          15          16          18
          19          21          22          24          25          27
          28          31          32          34          35          37
          38          40          41          44          45          50
          51          56          57          62          63          69
          70          76          77          82          83          89
          90          95          96         100         101         103
           0           0         104         107         108         111
         112         114           0           0         115         117
         118         120         121         123         124         125
           1           2           0           0           3           5
           0           0           0           0           0           0
           0           0           0           0           0           0
           0           0           0           0           0           0
           0           0           0           0           0           0
           0           0           6           8           9          11
          12          14           0           0           0           0
           0           0           0           0           0           0
           0           0           0           0           0           0
           0           0           0           0           0           0
          15          18          19          22          23          25
          26          28          29          32          33          36
          37          39          40          42          43          45
          46          49          50          55          56          61
          62          67          68          75          76          82
          83          89          90          96          97         102
         103         107         108         111         112         114
         115         117         118         121         122         124
           0           0         125         128         129         131
         132         134           0           0         135         136
           1           2           0           0           3           5
           6          10          11          13           0           0
           0           0           0           0           0           0
           0           0           0           0           0           0
           0           0           0           0           0           0
           0           0           0           0          14          16
          17          19          20          22           0           0
           0           0           0           0          23          25
          26          28           0           0           0           0
           0           0           0           0          29          31
          32          34          35          39          40          42
          43          45          46          49          50          52
          53          55          56          58          59          61
          62          66          67          72          73          78
          79          86          87          93          94         100
         101         107         108         114         115         119
         120         124         125         127         128         131
         132         135         136         138         139         141
         142         145         146         148           0           0
           0           0           0           0         149         150
           1           5           6           8           0           0
           9          11          12          16          17          20
          21          23           0           0           0           0
           0           0           0           0           0           0
           0           0           0           0           0           0
           0           0           0           0           0           0
          24          26          27          29          30          32
           0           0           0           0          33          35
          36          39           0           0           0           0
           0           0           0           0          40          42
          43          46          47          51          52          55
          56          58          59          62          63          65
          66          68          69          71          72          76
          77          82          83          88          89          96
          97         104         105         112         113         120
         121         127         128         133         134         138
         139         142         143         147         148         152
         153         156         157         161         162         167
         168         170           0           0           0           0
           0           0           0           0         171         175
           1           2           3           5           6           8
           9          11          12          15          16          19
          20          23          24          26           0           0
           0           0           0           0           0           0
           0           0           0           0           0           0
           0           0           0           0           0           0
           0           0           0           0          27          29
           0           0           0           0          30          32
          33          35          36          38           0           0
          39          41           0           0          42          45
          46          49          50          54          55          58
          59          61          62          64          65          67
          68          70          71          74          75          80
          81          86          87          93          94         101
         102         110         111         118         119         128
         129         134         135         140         141         145
         146         150         151         155         156         159
         160         164         165         170         171         175
           0           0           0           0         176         178
         179         181         182         185         186         193
           1           2           0           0           3           5
           6           8           9          11          12          16
          17          19          20          22          23          25
          26          28           0           0           0           0
           0           0           0           0           0           0
           0           0           0           0           0           0
           0           0          29          31           0           0
          32          34           0           0          35          37
          38          40          41          43           0           0
          44          46          47          49          50          54
          55          59          60          64          65          68
          69          71          72          75          76          79
          80          84          85          89          90          95
          96         103         104         111         112         119
         120         128         129         138         139         145
         146         152         153         158         159         163
         164         168         169         174         175         180
         181         186         187         190           0           0
           0           0         191         194         195         200
         201         206         207         210         211         216
           1           2           0           0           0           0
           0           0           3           5           6           9
          10          14          15          18          19          22
          23          25          26          28          29          31
           0           0           0           0           0           0
           0           0           0           0           0           0
           0           0          32          34          35          37
          38          40          41          43          44          46
          47          49          50          53          54          57
          58          61          62          65          66          72
          73          78          79          84          85          88
          89          91          92          95          96          99
         100         104         105         110         111         117
         118         125         126         133         134         142
         143         151         152         159         160         166
         167         173         174         179         180         185
         186         192         193         198         199         203
         204         207         208         210         211         214
         215         220         221         226         227         231
         232         235         236         238         239         240
           1           2           0           0           0           0
           0           0           0           0           3           5
           6           9          10          13          14          18
          19          22          23          26          27          29
          30          33          34          36           0           0
           0           0           0           0          37          39
           0           0           0           0          40          42
          43          45          46          49          50          53
          54          57          58          62          63          66
          67          72          73          79          80          85
          86          92          93          98          99         104
         105         107         108         111         112         116
         117         122         123         129         130         137
         138         147         148         156         157         166
         167         174         175         183         184         191
         192         197         198         204         205         212
         213         218         219         223         224         228
         229         232         233         239         240         246
         247         251         252         257         258         261
           0           0         262         264         265         269
           1           2           0           0           0           0
           0           0           0           0           0           0
           3           5           6           9          10          13
          14          17          18          21          22          25
          26          29          30          34          35          38
          39          41          42          44           0           0
           0           0           0           0           0           0
          45          47          48          50          51          54
          55          58          59          61          62          65
          66          70          71          77          78          83
          84          89          90          96          97         102
         103         106         107         111         112         117
         118         126         127         137         138         148
         149         158         159         167         168         176
         177         185         186         194         195         200
         201         207         208         214         215         220
         221         225         226         231         232         239
         240         247         248         253         254         259
         260         264         265         268         269         273
         274         278         279         283         284         289
           1           2           0           0           0           0
           0           0           0           0           0           0
           0           0           3           5           6           8
           9          11          12          15          16          19
          20          23          24          28          29          34
          35          38          39          42          43          45
           0           0           0           0           0           0
          46          48          49          51          52          56
          57          60          61          64          65          69
          70          76          77          83          84          91
          92          98          99         106         107         113
         114         118         119         127         128         135
         136         147         148         159         160         170
         171         180         181         190         191         198
         199         207         208         214         215         222
         223         229         230         235         236         241
         242         248         249         257         258         264
         265         271         272         277         278         281
         282         287         288         293         294         299
         300         304         305         308         309         314
           1           5           0           0           6           8
           9          11           0           0           0           0
           0           0           0           0          12          14
          15          17          18          20          21          23
          24          27          28          32          33          37
          38          42          43          47          48          51
          52          55          56          58           0           0
          59          62          63          66          67          70
          71          74          75          79          80          85
          86          92          93         102         103         111
         112         120         121         128         129         136
         137         145         146         155         156         167
         168         181         182         194         195         205
         206         217         218         226         227         235
         236         243         244         251         252         257
         258         263         264         271         272         279
         280         287         288         294         295         300
         301         306         307         313         314         320
         321         326         327         331         332         335
         336         339         340         342         343         344
           1           6           7           9          10          12
          13          16          17          21          22          24
          25          27          28          30          31          33
          34          36          37          40          41          44
          45          47          48          51          52          56
          57          62          63          66          67          71
          72          77          78          82          83          86
          87          90          91          96          97         101
         102         106         107         111         112         118
         119         130         131         140         141         149
         150         158         159         167         168         178
         179         190         191         202         203         215
         216         229         230         242         243         255
         256         268         269         280         281         288
         289         295         296         302         303         310
         311         319         320         327         328         334
         335         341         342         348         349         356
         357         363         364         369         370         374
         375         378         379         382         383         385
           0           0           0           0         386         387
           1           6           7           9          10          12
          13          15          16          19          20          23
          24          27          28          32          33          38
          39          44          45          49          50          53
          54          57          58          60          61          64
          65          69          70          74          75          78
          79          84          85          90          91          95
          96          99         100         105         106         111
         112         118         119         123         124         131
         132         144         145         155         156         165
         166         177         178         187         188         198
         199         212         213         225         226         239
         240         252         253         265         266         278
         279         290         291         299         300         307
         308         316         317         326         327         335
         336         343         344         351         352         360
         361         368         369         375         376         382
         383         388         389         392         393         395
         396         398           0           0           0           0
           0           0           0           0         399         400
           1           6           7          11          12          16
          17          19          20          22          23          26
          27          30          31          35          36          40
          41          46          47          52          53          58
          59          64          65          69          70          74
          75          78          79          84          85          91
          92          97          98         103         104         109
         110         116         117         123         124         128
         129         135         136         142         143         151
         152         163         164         174         175         186
         187         199         200         210         211         223
         224         236         237         249         250         262
         263         276         277         291         292         304
         305         314         315         324         325         335
         336         345         346         353         354         362
         363         371         372         378         379         387
         388         397         398         405         406         412
         413         417         418         422         423         426
           0           0           0           0           0           0
           0           0           0           0         427         428
           1           5           6           8           9          15
          16          22          23          28          29          32
          33          37          38          41          42          45
          46          50          51          55          56          60
          61          65          66          71          72          77
          78          82          83          87          88          96
          97         105         106         113         114         120
         121         129         130         137         138         144
         145         150         151         158         159         166
         167         177         178         188         189         200
         201         213         214         226         227         239
         240         253         254         266         267         281
         282         299         300         313         314         327
         328         340         341         356         357         370
         371         381         382         390         391         399
         400         409         410         420         421         430
         431         440         441         448         449         454
         455         460           0           0           0           0
           0           0           0           0           0           0
           0           0           0           0         461         462
           1           7           8          12          13          17
          18          24          25          31          32          36
          37          41          42          46          47          51
          52          55          56          60          61          65
          66          71          72          78          79          86
          87          95          96         103         104         112
         113         121         122         130         131         138
         139         147         148         156         157         163
         164         171         172         180         181         190
         191         201         202         213         214         226
         227         239         240         252         253         266
         267         279         280         296         297         314
         315         333         334         349         350         367
         368         385         386         401         402         413
         414         425         426         437         438         448
         449         459         460         470         471         478
         479         485         486         489         490         492
           0           0           0           0           0           0
           0           0           0           0           0           0
           0           0           0           0         493         494
           1           9          10          17          18          25
          26          32          33          39          40          47
          48          55          56          62          63          69
          70          75          76          81          82          87
          88          92          93          99         100         108
         109         119         120         128         129         137
         138         146         147         155         156         164
         165         173         174         182         183         190
         191         200         201         211         212         222
         223         234         235         248         249         263
         264         277         278         291         292         305
         306         322         323         340         341         359
         360         377         378         398         399         417
         418         434         435         448         449         461
         462         474         475         486         487         495
         496         503         504         509         510         513
         514         516         517         519           0           0
           0           0           0           0           0           0
           0           0           0           0           0           0
           0           0           0           0         520         521
           1           8           9          14          15          20
          21          26          27          33          34          41
          42          50          51          59          60          67
          68          75          76          82          83          89
          90          96          97         103         104         112
         113         123         124         134         135         145
         146         155         156         165         166         175
         176         184         185         194         195         204
         205         215         216         225         226         236
         237         248         249         262         263         278
         279         296         297         312         313         333
         334         357         358         380         381         401
         402         421         422         441         442         460
         461         475         476         489         490         502
         503         513         514         521         522         528
         529         534         535         537         538         540
           0           0           0           0           0           0
           0           0           0           0           0           0
           0           0           0           0           0           0
           0           0           0           0         541         542
           1           7           8          13          14          19
          20          25          26          30          31          35
          36          41          42          48          49          56
          57          64          65          71          72          78
          79          85          86          92          93          99
         100         109         110         120         121         131
         132         142         143         153         154         165
         166         176         177         187         188         198
         199         209         210         221         222         234
         235         250         251         272         273         295
         296         317         318         339         340         360
         361         384         385         409         410         431
         432         452         453         471         472         489
         490         504         505         518         519         532
         533         545         546         557         558         568
         569         575         576         579         580         582
           0           0           0           0           0           0
           0           0           0           0           0           0
           0           0           0           0           0           0
           0           0           0           0         583         584
           1           5           6           8           9          12
          13          17          18          22          23          27
          28          32          33          37          38          43
          44          49          50          56          57          63
          64          69          70          75          76          81
          82          88          89          98          99         108
         109         119         120         131         132         143
         144         155         156         167         168         180
         181         193         194         206         207         222
         223         243         244         265         266         287
         288         309         310         329         330         350
         351         374         375         401         402         425
         426         445         446         463         464         480
         481         496         497         510         511         521
         522         530         531         537         538         543
         544         546         547         549         550         552
         553         555         556         558         559         561
         562         564         565         567         568         570
         571         573         574         576         577         579
         580         582         583         585         586         590
           1           2           3           5           6           8
           9          11          12          14          15          18
          19          23          24          28          29          33
          34          38          39          44          45          53
          54          62          63          71          72          80
          81          88          89          98          99         111
         112         124         125         137         138         150
         151         163         164         177         178         191
         192         206         207         222         223         241
         242         261         262         281         282         303
         304         326         327         347         348         368
         369         390         391         413         414         434
         435         455         456         471         472         485
         486         496         497         504         505         510
         511         516         517         523         524         528
         529         532         533         536         537         540
         541         544         545         548         549         552
         553         556         557         560         561         564
         565         568         569         571         572         574
         575         577         578         580         581         585
           1           2           0           0           0           0
           3           5           6           8           9          11
          12          14          15          17          18          22
          23          28          29          34          35          41
          42          51          52          62          63          73
          74          84          85          95          96         108
         109         120         121         133         134         147
         148         161         162         175         176         194
         195         215         216         236         237         255
         256         274         275         293         294         312
         313         331         332         350         351         369
         370         388         389         406         407         425
         426         443         444         457         458         469
         470         480         481         489         490         495
         496         501         502         505         506         508
         509         511         512         514           0           0
         515         517           0           0           0           0
           0           0           0           0           0           0
           0           0           0           0           0           0
           0           0           0           0         518         519
           1           2           0           0           0           0
           3           5           6           8           9          11
          12          15          16          19          20          23
          24          27          28          32          33          38
          39          45          46          52          53          61
          62          72          73          83          84          95
          96         109         110         122         123         136
         137         152         153         170         171         191
         192         212         213         231         232         250
         251         268         269         285         286         301
         302         317         318         334         335         351
         352         366         367         382         383         398
         399         414         415         427         428         438
         439         450         451         457         458         463
         464         470         471         474         475         477
           0           0           0           0           0           0
           0           0           0           0           0           0
           0           0           0           0           0           0
           0           0           0           0           0           0
           0           0           0           0         478         479
           1           5           6           8           9          11
          12          14          15          17          18          20
          21          23          24          26          27          29
          30          33          34          37          38          42
          43          48          49          55          56          62
          63          70          71          80          81          92
          93         108         109         127         128         146
         147         165         166         185         186         206
         207         225         226         241         242         258
         259         273         274         287         288         302
         303         318         319         332         333         344
         345         360         361         374         375         386
         387         400         401         413         414         424
         425         433         434         439         440         445
         446         450         451         454           0           0
           0           0           0           0           0           0
           0           0           0           0           0           0
           0           0           0           0           0           0
           0           0           0           0           0           0
           0           0           0           0         455         456
           1           5           6           8           9          11
          12          14          15          17          18          20
          21          23          24          27          28          31
          32          35          36          39          40          43
          44          48          49          53          54          59
          60          67          68          80          81          98
          99         116         117         135         136         154
         155         173         174         190         191         205
         206         220         221         234         235         247
         248         258         259         270         271         281
         282         294         295         306         307         318
         319         327         328         336         337         347
         348         358         359         369         370         379
         380         388         389         393         394         397
         398         400           0           0           0           0
           0           0           0           0           0           0
           0           0           0           0           0           0
           0           0           0           0           0           0
           0           0           0           0           0           0
           0           0           0           0         401         402
           1           2           3           5           6           8
           9          11          12          14          15          18
          19          21          22          24          25          28
          29          32          33          36          37          41
          42          46          47          52          53          63
          64          78          79          94          95         110
         111         126         127         143         144         157
         158         170         171         182         183         192
         193         203         204         214         215         226
         227         237         238         249         250         259
         260         269         270         278         279         287
         288         297         298         308         309         318
         319         329         330         339         340         347
         348         355         356         361         362         365
           0           0         366         368           0           0
           0           0           0           0           0           0
           0           0           0           0           0           0
           0           0           0           0           0           0
           0           0           0           0           0           0
           0           0           0           0         369         370
           1           6           7          10          11          13
          14          17          18          21          22          25
          26          29          30          33          34          37
          38          42          43          47          48          52
          53          58          59          69          70          79
          80          90          91         101         102         112
         113         123         124         133         134         142
         143         153         154         163         164         172
         173         181         182         190         191         200
         201         208         209         217         218         225
         226         233         234         242         243         251
         252         260         261         269         270         278
         279         286         287         294         295         303
         304         309         310         314         315         317
           0           0           0           0           0           0
           0           0           0           0           0           0
           0           0           0           0           0           0
           0           0           0           0           0           0
           0           0           0           0           0           0
           0           0           0           0         318         319
           1           6           7          10          11          14
          15          18          19          22          23          26
          27          31          32          35          36          38
          39          41          42          44          45          48
          49          53          54          58          59          64
          65          69          70          74          75          79
          80          85          86          92          93          99
         100         107         108         114         115         122
         123         130         131         137         138         144
         145         150         151         156         157         164
         165         172         173         180         181         188
         189         196         197         203         204         210
         211         219         220         229         230         238
         239         244         245         249         250         252
         253         255           0           0           0           0
           0           0           0           0           0           0
           0           0           0           0           0           0
           0           0           0           0           0           0
           0           0           0           0           0           0
           0           0           0           0         256         257
           1           6           7           9          10          12
          13          15           0           0          16          18
          19          21          22          24          25          27
          28          31          32          35          36          40
          41          44          45          48          49          51
          52          54           0           0          55          57
          58          60          61          63          64          67
          68          72          73          77          78          82
          83          88          89          95          96          99
         100         103         104         109         110         115
         116         122         123         130         131         137
         138         143         144         149         150         156
         157         165         166         174         175         182
         183         187         188         191         192         194
         195         197           0           0           0           0
           0           0           0           0           0           0
           0           0           0           0           0           0
           0           0           0           0           0           0
           0           0           0           0           0           0
           0           0           0           0         198         199
           1           5           6           8           9          11
          12          14          15          17          18          20
          21          23          24          26           0           0
           0           0           0           0           0           0
           0           0           0           0           0           0
           0           0           0           0           0           0
          27          29          30          33          34          37
          38          41          42          45          46          50
          51          54          55          57           0           0
          58          60          61          64          65          69
          70          74          75          80          81          86
          87          91          92          96          97         103
         104         110         111         118         119         123
         124         129         130         133         134         136
         137         139           0           0           0           0
           0           0           0           0           0           0
           0           0           0           0           0           0
           0           0           0           0           0           0
           0           0           0           0           0           0
           0           0           0           0         140         141
           1           5           0           0           0           0
           0           0           0           0           0           0
           0           0           0           0           0           0
           0           0           0           0           0           0
           0           0           0           0           0           0
           0           0           0           0           0           0
           0           0           0           0           6           8
           9          12          13          16          17          19
           0           0           0           0           0           0
           0           0           0           0          20          22
          23          26          27          31          32          36
          37          39          40          43          44          50
          51          57          58          64          65          68
          69          73          74          78          79          82
          83          85           0           0          86          88
           0           0           0           0           0           0
           0           0           0           0           0           0
           0           0           0           0           0           0
           0           0           0           0           0           0
           0           0           0           0          89          90
           1           2           0           0           0           0
           0           0           0           0           0           0
           0           0           0           0           0           0
           0           0           0           0           0           0
           0           0           0           0           0           0
           0           0           0           0           0           0
           0           0           0           0           0           0
           0           0           3           5           0           0
           0           0           0           0           0           0
           0           0           0           0           0           0
           6           8           9          13          14          17
          18          20          21          24          25          30
          31          37          38          40          41          43
          44          47          48          52          53          56
          57          59          60          62           0           0
           0           0           0           0           0           0
           0           0           0           0           0           0
           0           0           0           0           0           0
           0           0           0           0           0           0
           0           0           0           0          63          64
           1           2           0           0           0           0
           0           0           0           0           0           0
           0           0           0           0           0           0
           0           0           0           0           0           0
           0           0           0           0           0           0
           0           0           0           0           0           0
           0           0           0           0           0           0
           0           0           0           0           0           0
           0           0           0           0           0           0
           0           0           0           0           0           0
           3           5           6           9          10          13
          14          16          17          21          22          26
          27          30          31          33          34          36
          37          40          41          44          45          48
           0           0           0           0           0           0
           0           0           0           0           0           0
           0           0           0           0           0           0
           0           0           0           0           0           0
           0           0           0           0           0           0
           0           0           0           0          49          50
           1           2           0           0           0           0
           0           0           0           0           0           0
           0           0           0           0           0           0
           0           0           0           0           0           0
           0           0           0           0           0           0
           0           0           0           0           0           0
           0           0           0           0           0           0
           0           0           0           0           0           0
           0           0           0           0           0           0
           0           0           0           0           0           0
           0           0           3           5           6           9
          10          13          14          18          19          22
          23          25          26          28          29          31
           0           0          32          34          35          37
           0           0           0           0           0           0
           0           0           0           0           0           0
           0           0           0           0           0           0
           0           0           0           0           0           0
           0           0           0           0           0           0
           0           0           0           0          38          39
           1           2           0           0           0           0
           0           0           0           0           0           0
           0           0           0           0           0           0
           0           0           0           0           0           0
           0           0           0           0           0           0
           0           0           0           0           0           0
           0           0           0           0           0           0
           0           0           0           0           0           0
           0           0           0           0           0           0
           0           0           0           0           0           0
           0           0           0           0           3           6
           7          11          12          14          15          18
           0           0           0           0           0           0
           0           0           0           0          19          21
           0           0           0           0           0           0
           0           0           0           0           0           0
           0           0           0           0           0           0
           0           0           0           0           0           0
           0           0           0           0           0           0
           0           0           0           0          22          23
           1           2           0           0           0           0
           0           0           0           0           0           0
           0           0           0           0           0           0
           0           0           0           0           0           0
           0           0           0           0           0           0
           0           0           0           0           0           0
           0           0           0           0           0           0
           0           0           0           0           0           0
           0           0           0           0           0           0
           0           0           0           0           0           0
           0           0           0           0           3           5
           6          10          11          13          14          17
           0           0           0           0           0           0
           0           0           0           0           0           0
           0           0           0           0           0           0
           0           0           0           0           0           0
           0           0           0           0           0           0
           0           0           0           0           0           0
           0           0           0           0           0           0
           0           0           0           0          18          19
           1           2           0           0           0           0
           0           0           0           0           0           0
           0           0           0           0           0           0
           0           0           0           0           0           0
           0           0           0           0           0           0
           0           0           0           0           0           0
           0           0           0           0           0           0
           0           0           0           0           0           0
           0           0           0           0           0           0
           0           0           0           0           0           0
           0           0           0           0           3           5
           0           0           6           8           9          11
           0           0           0           0           0           0
           0           0           0           0           0           0
           0           0           0           0           0           0
           0           0           0           0           0           0
           0           0           0           0           0           0
           0           0           0           0           0           0
           0           0           0           0           0           0
           0           0           0           0          12          13
           1           2           0           0           0           0
           0           0           0           0           0           0
           0           0           0           0           0           0
           0           0           0           0           0           0
           0           0           0           0           0           0
           0           0           0           0           0           0
           0           0           0           0           0           0
           0           0           0           0           0           0
           0           0           0           0           0           0
           0           0           0           0           0           0
           0           0           0           0           0           0
           0           0           3           5           0           0
           0           0           0           0           0           0
           0           0           0           0           0           0
           0           0           0           0           0           0
           0           0           0           0           0           0
           0           0           0           0           0           0
           0           0           0           0           0           0
           0           0           0           0           0           0
           0           0           0           0           6           7
           0           0           0           0           0           0
           0           0           0           0           0           0
           0           0           0           0           0           0
           0           0           0           0           0           0
           0           0           0           0           0           0
           0           0           0           0           0           0
           0           0           0           0           0           0
           0           0           0           0           0           0
           0           0           0           0           0           0
           0           0           0           0           0           0
           0           0           0           0           0           0
           0           0           0           0           0           0
           0           0           0           0           0           0
           0           0           0           0           0           0
           0           0           0           0           0           0
           0           0           0           0           0           0
           0           0           0           0           0           0
           0           0           0           0           0           0
           0           0           0           0           0           0
           0           0           0           0           0           0
           0           0           0           0           0           0
           0           0           0           0           0           0
           0           0           0           0           0           0
           0           0           0           0           0           0
           0           0           0           0           0           0
           0           0           0           0           0           0
           0           0           0           0           0           0
           0           0           0           0           0           0
           0           0           0           0           0           0
           0           0           0           0           0           0
           0           0           0           0           0           0
           0           0           0           0           0           0
           0           0           0           0           0           0
           0           0           0           0           0           0
           0           0           0           0           0           0
           0           0           0           0           0           0
           0           0           0           0           0           0
           0           0           0           0           0           0
           0           0           0           0           0           0
           0           0           0           0           0           0
           0           0           0           0           0           0
           0           0           0           0           0           0
           0           0           0           0           0           0
           0           0           0           0           0           0
           0           0           0           0           0           0
           0           0           0           0           0           0
           0           0           0           0           0           0
           0           0           0           0           0           0
           0           0           0           0           0           0
           0           0           0           0           0           0
           0           0           0           0           0           0
           0           0           0           0           0           0
           0           0           0           0           0           0
           0           0           0           0           0           0
           0           0           0           0           0           0
           0           0           0           0           0           0
           0           0           0           0           0           0
           0           0           0           0           0           0
           0           0           0           0           0           0
           0           0           0           0           0           0
           0           0           0           0           0           0
           0           0           0           0           0           0
           0           0           0           0           0           0
           0           0           0           0           0           0
           0           0           0           0           0           0
           0           0           0           0           0           0
           0           0           0           0           0           0
           0           0           0           0           0           0
           0           0           0           0           0           0
           0           0           0           0           0           0
           0           0           0           0           0           0
           0           0           0           0           0           0
           0           0           0           0           0           0
           0           0           0           0           0           0
           0           0           0           0           0           0
           0           0           0           0           0           0
           0           0           0           0           0           0
           0           0           0           0           0           0
           0           0           0           0           0           0
           0           0           0           0           0           0
           0           0           0           0           0           0
           0           0           0           0           0           0
           0           0           0           0           0           0
           0           0           0           0           0           0
           0           0           0           0           0           0
           0           0           0           0           0           0
           0           0           0           0           0           0
           0           0           0           0           0           0
           0           0           0           0           0           0
           0           0           0           0           0           0
           0           0           0           0           0           0
           0           0           0           0           0           0
           0           0           0           0           0           0
           0           0           0           0           0           0
           0           0           0           0           0           0
           0           0           0           0           0           0
           0           0           0           0           0           0
           0           0           0           0           0           0
           0           0           0           0           0           0
           0           0           0           0           0           0
           0           0           0           0           0           0
           0           0           0           0           0           0
           0           0           0           0           0           0
           0           0           0           0           0           0
           0           0           0           0           0           0
           0           0           0           0           0           0
           0           0           0           0           0           0
           0           0           0           0           0           0
           0           0           0           0           0           0
           0           0           0           0           0           0
           0           0           0           0           0           0
           0           0           0           0           0           0
           0           0           0           0           0           0
           0           0           0           0           0           0
           0           0           0           0           0           0
           0           0           0           0           0           0
           0           0           0           0           0           0
           0           0           0           0           0           0
           0           0           0           0           0           0
           0           0           0           0           0           0
           0           0           0           0           0           0
           0           0           0           0           0           0
           0           0           0           0           0           0
           0           0           0           0           0           0
           0           0           0           0           0           0
           0           0           0           0           0           0
           0           0           0           0           0           0
           0           0           0           0           0           0
           0           0           0           0           0           0
           0           0           0           0           0           0
           0           0           0           0           0           0
           0           0           0           0           0           0
           0           0           0           0           0           0
           0           0           0           0           0           0
           0           0           0           0           0           0
           0           0           0           0           0           0
           0           0           0           0           0           0
           0           0           0           0           0           0
           0           0           0           0           0           0
           0           0           0           0           0           0
           0           0           0           0           0           0
           0           0           0           0           0           0
           0           0           0           0           0           0
           0           0           0           0           0           0
           0           0           0           0           0           0
           0           0           0           0           0           0
           0           0           0           0           0           0
           0           0           0           0           0           0
           0           0           0           0           0           0
           0           0           0           0           0           0
           0           0           0           0           0           0
           0           0           0           0           0           0
           0           0           0           0           0           0
           0           0           0           0           0           0
           0           0           0           0           0           0
           0           0           0           0           0           0
           0           0           0           0           0           0
           0           0           0           0           0           0
           0           0           0           0           0           0
           0           0           0           0           0           0
           0           0           0           0           0           0
           0           0           0           0           0           0
           0           0           0           0           0           0
           0           0           0           0           0           0
           0           0           0           0           0           0
           0           0           0           0           0           0
           0           0           0           0           0           0
           0           0           0           0           0           0
           0           0           0           0           0           0
           0           0           0           0           0           0
           0           0           0           0           0           0
           0           0           0           0           0           0
           0           0           0           0           0           0
           0           0           0           0           0           0
           0           0           0           0           0           0
           0           0           0           0           0           0
           0           0           0           0           0           0
           0           0           0           0           0           0
           0           0           0           0           0           0
           0           0           0           0           0           0
           0           0           0           0           0           0
           0           0           0           0           0           0
           0           0           0           0           0           0
           0           0           0           0           0           0
           0           0           0           0           0           0
           0           0           0           0           0           0
           0           0           0           0           0           0
           0           0           0           0           0           0
           0           0           0           0           0           0
           0           0           0           0           0           0
           0           0           0           0           0           0
           0           0           0           0           0           0
           0           0           0           0           0           0
           0           0           0           0           0           0
           0           0           0           0           0           0
           0           0           0           0           0           0
           0           0           0           0           0           0
           0           0           0           0           0           0
           0           0           0           0           0           0
           0           0           0           0           0           0
           0           0           0           0           0           0
           0           0           0           0           0           0
           0           0           0           0           0           0
           0           0           0           0           0           0
           0           0           0           0           0           0
           0           0           0           0           0           0
           0           0           0           0           0           0
           0           0           0           0           0           0
           0           0           0           0           0           0
           0           0           0           0           0           0
           0           0           0           0           0           0
           0           0           0           0           0           0
           0           0           0           0           0           0
           0           0           0           0           0           0
           0           0           0           0           0           0
           0           0           0           0           0           0
           0           0           0           0           0           0
           0           0           0           0           0           0
           0           0           0           0           0           0
           0           0           0           0           0           0
           0           0           0           0           0           0
           0           0           0           0           0           0
           0           0           0           0           0           0
           0           0           0           0           0           0
           0           0           0           0           0           0
           0           0           0           0           0           0
           0           0           0           0           0           0
           0           0           0           0           0           0
           0           0           0           0           0           0
           0           0           0           0           0           0
           0           0           0           0           0           0
           0           0           0           0           0           0
           0           0           0           0           0           0
           0           0           0           0           0           0
           0           0           0           0           0           0
           0           0           0           0           0           0
           0           0           0           0           0           0
           0           0           0           0           0           0
           0           0           0           0           0           0
           0           0           0           0           0           0
           0           0           0           0           0           0
           0           0           0           0           0           0
           0           0           0           0           0           0
           0           0           0           0           0           0
           0           0           0           0           0           0
           0           0           0           0           0           0
           0           0           0           0           0           0
           0           0           0           0           0           0
           0           0           0           0           0           0
           0           0           0           0           0           0
           0           0           0           0           0           0
           0           0           0           0           0           0
           0           0           0           0           0           0
           0           0           0           0           0           0
           0           0           0           0           0           0
           0           0           0           0           0           0
           0           0           0           0           0           0
           0           0           0           0           0           0
           0           0           0           0           0           0
           0           0           0           0           0           0
           0           0           0           0           0           0
           0           0           0           0           0           0
           0           0           0           0           0           0
           0           0           0           0           0           0
           0           0           0           0           0           0
           0           0           0           0           0           0
           0           0           0           0           0           0
           0           0           0           0           0           0
           0           0           0           0           0           0
           0           0           0           0           0           0
           0           0           0           0           0           0
           0           0           0           0           0           0
           0           0           0           0           0           0
           0           0           0           0           0           0
           0           0           0           0           0           0
           0           0           0           0           0           0
           0           0           0           0           0           0
           0           0           0           0           0           0
           0           0           0           0           0           0
           0           0           0           0           0           0
           0           0           0           0           0           0
           0           0           0           0           0           0
           0           0           0           0           0           0
           0           0           0           0           0           0
           0           0           0           0           0           0
           0           0           0           0           0           0
           0           0           0           0           0           0
           0           0           0           0           0           0
           0           0           0           0           0           0
           0           0           0           0           0           0
           0           0           0           0           0           0
           0           0           0           0           0           0
           0           0           0           0           0           0
           0           0           0           0           0           0
           0           0           0           0           0           0
           0           0           0           0           0           0
           0           0           0           0           0           0
           0           0           0           0           0           0
           0           0           0           0           0           0
           0           0           0           0           0           0
           0           0           0           0           0           0
           0           0           0           0           0           0
           0           0           0           0           0           0
           0           0           0           0           0           0
           0           0           0           0           0           0
           0           0           0           0           0           0
           0           0           0           0           0           0
           0           0           0           0           0           0
           0           0           0           0           0           0
           0           0           0           0           0           0
           0           0           0           0           0           0
           0           0           0           0           0           0
           0           0           0           0           0           0
           0           0           0           0           0           0
           0           0           0           0           0           0
           0           0           0           0           0           0
           0           0           0           0           0           0
           0           0           0           0           0           0
           0           0           0           0           0           0
           0           0           0           0           0           0
           0           0           0           0           0           0
           0           0           0           0           0           0
           0           0           0           0           0           0
           0           0           0           0           0           0
           0           0           0           0           0           0
           0           0           0           0           0           0
           0           0           0           0           0           0
           0           0           0           0           0           0
           0           0           0           0           0           0
           0           0           0           0           0           0
           0           0           0           0           0           0
           0           0           0           0           0           0
           0           0           0           0           0           0
           0           0           0           0           0           0
           0           0           0           0           0           0
           0           0           0           0           0           0
           0           0           0           0           0           0
           0           0           0           0           0           0
           0           0           0           0           0           0
           0           0           0           0           0           0
           1           2           0           0           0           0
           0           0           0           0           0           0
           0           0           0           0           0           0
           0           0           0           0           0           0
           0           0           0           0           0           0
           0           0           0           0           0           0
           0           0           0           0           0           0
           0           0           0           0           0           0
           0           0           0           0           0           0
           0           0           0           0           0           0
           0           0           0           0           0           0
           0           0           0           0           0           0
           0           0           0           0           0           0
           0           0           0           0           0           0
           0           0           0           0           0           0
           0           0           0           0           0           0
           0           0           0           0           0           0
           0           0           0           0           0           0
           0           0           0           0           0           0
           0           0           0           0           3           4
