 -3.4242526E-05
 -2.8976176E-05
  5.0002523E-05
  1.3683126E-07
  6.9037851E-06
  1.9481722E-05
  8.0427917E-06
  2.7008622E-05
  1.2224626E-05
 -7.1758591E-06
 -1.0862570E-05
  4.5269885E-06
 -2.8536704E-05
 -1.0569368E-06
  7.5685298E-06
  4.0071955E-06
  3.9310862E-06
 -2.7686713E-06
 -7.1426497E-05
 -3.3288816E-05
  1.2398645E-05
  1.0181319E-05
  1.9892746E-06
  1.5980044E-05
 -2.6447957E-05
  2.5989316E-06
  1.5896929E-05
 -8.2633196E-06
 -6.9701942E-05
 -8.9378631E-07
  2.0105763E-05
 -3.5370888E-06
  4.1287549E-06
 -3.1453787E-06
  5.0046134E-07
  4.9531050E-06
  2.1814828E-06
 -7.8266334E-07
  2.4603482E-06
 -1.8700470E-06
  1.0365529E-05
  7.2462171E-06
  4.8489610E-06
 -6.5766294E-06
 -4.0755435E-06
  6.8949385E-06
 -2.4420913E-05
 -2.8481868E-06
  1.2352666E-05
 -5.0116472E-07
 -1.7863211E-05
  1.4884066E-06
 -4.0007794E-06
  0.0000000E+00
  3.5975899E-07
  3.4479413E-06
  1.0508840E-05
  8.4772664E-06
  1.8899653E-05
 -2.7931919E-05
  0.0000000E+00
 -1.5254516E-05
  1.5405898E-05
  1.4492698E-05
  3.7469323E-05
 -1.6238180E-06
  5.1464940E-06
 -1.2699412E-05
  5.3929998E-06
 -4.3389318E-06
  1.4968859E-06
  8.3437162E-06
 -6.6048538E-06
  1.0850325E-06
  5.7278035E-06
  9.2056389E-06
  3.1198491E-07
 -3.2611362E-07
 -1.4212631E-06
  0.0000000E+00
 -1.3571334E-07
  1.9101734E-07
  9.7600584E-08
 -1.1199133E-06
 -1.3841491E-06
  5.3834497E-06
 -6.2149834E-06
  0.0000000E+00
  6.8770901E-06
 -5.3360845E-06
  5.9968379E-06
 -1.2796812E-06
  7.4881773E-06
 -5.8564142E-06
  2.7402280E-06
  2.4878302E-06
  0.0000000E+00
  0.0000000E+00
  0.0000000E+00
  0.0000000E+00
  0.0000000E+00
 -3.7139464E-06
  2.9400127E-07
  0.0000000E+00
 -1.6223552E-06
 -2.6170944E-06
  4.6768364E-06
  0.0000000E+00
  0.0000000E+00
  0.0000000E+00
  1.3748219E-05
  0.0000000E+00
  0.0000000E+00
  0.0000000E+00
  7.5634341E-07
  0.0000000E+00
 -9.3362240E-07
  0.0000000E+00
  0.0000000E+00
  0.0000000E+00
 -1.1850869E-06
  0.0000000E+00
  0.0000000E+00
  0.0000000E+00
  0.0000000E+00
  0.0000000E+00
  0.0000000E+00
  6.6064479E-07
  1.1208890E-07
 -3.8371450E-06
  3.9140400E-07
  1.4770544E-06
  0.0000000E+00
  0.0000000E+00
  0.0000000E+00
  0.0000000E+00
  0.0000000E+00
  0.0000000E+00
  0.0000000E+00
  1.3344152E-05
  1.5009995E-08
 -4.6415366E-06
  0.0000000E+00
  2.5790598E-06
  3.2653043E-05
 -5.0571225E-06
  3.8914432E-06
 -8.3776513E-06
 -2.4886056E-06
 -8.8126235E-06
  4.0947197E-07
 -4.6739669E-06
 -3.7208570E-06
 -1.8327656E-06
  0.0000000E+00
  0.0000000E+00
  1.9561890E-06
  0.0000000E+00
  0.0000000E+00
 -1.9431561E-06
  4.2622669E-06
 -3.1049402E-07
 -2.6796861E-06
  4.2113005E-08
  0.0000000E+00
 -8.9877022E-07
  0.0000000E+00
  0.0000000E+00
  0.0000000E+00
