 -3.6428526E-05
 -2.8678238E-05
  4.0387873E-05
  2.0577897E-06
  5.8260894E-06
  2.6224801E-05
  7.9738174E-06
  2.5627458E-05
  1.5772699E-05
 -6.9245543E-06
 -1.1573109E-05
  4.1258568E-06
 -2.7493188E-05
 -8.0489087E-07
  7.1474565E-06
  3.8704075E-06
  3.7253517E-06
 -2.1522769E-06
 -7.7833400E-05
 -2.7008855E-05
  1.2270120E-05
  1.0850845E-05
  5.5940268E-07
  1.5064624E-05
 -2.3404056E-05
  1.0172952E-06
  1.6404914E-05
 -9.7419106E-06
 -6.2699517E-05
 -1.2591988E-06
  1.8722960E-05
 -3.2844130E-06
  4.4973790E-06
 -2.8609484E-06
  2.7311717E-07
  5.0522358E-06
  1.9811309E-06
 -1.1323551E-06
  2.3631451E-06
 -1.6411052E-06
  9.3564504E-06
  7.6549477E-06
  4.7867366E-06
 -6.8404397E-06
 -4.1215244E-06
  6.3057046E-06
 -2.3598001E-05
 -3.0192923E-06
  1.2478749E-05
 -4.2136062E-07
 -1.7704500E-05
  1.5960410E-06
 -3.6105741E-06
  0.0000000E+00
 -8.4880622E-07
  3.5680682E-06
  1.0979209E-05
  8.2158631E-06
  1.5091885E-05
 -2.4831392E-05
  0.0000000E+00
 -1.6491924E-05
  1.4884669E-05
  1.3350053E-05
  3.9448547E-05
 -1.3784596E-06
  4.4225030E-06
 -1.2242067E-05
  5.6157651E-06
 -4.4649651E-06
  1.2950047E-06
  6.5105442E-06
 -6.8405016E-06
  1.2338788E-06
  5.8019491E-06
  9.5143487E-06
  2.8283557E-07
 -3.0694758E-07
 -1.4740667E-06
  0.0000000E+00
  1.6682894E-07
 -3.8902989E-08
 -3.2815657E-07
 -1.3082183E-06
 -1.5780545E-06
  4.9273258E-06
 -6.9864377E-06
  0.0000000E+00
  7.4938757E-06
 -6.1919163E-06
  8.1817861E-06
 -1.3032608E-06
  7.5497301E-06
 -5.3785416E-06
  4.0246659E-06
  2.4159453E-06
  0.0000000E+00
  0.0000000E+00
  0.0000000E+00
  0.0000000E+00
  0.0000000E+00
 -3.6057297E-06
  6.7835521E-07
  0.0000000E+00
 -1.4490834E-06
 -2.8724094E-06
  4.5030483E-06
  0.0000000E+00
  0.0000000E+00
  0.0000000E+00
  1.4755528E-05
  0.0000000E+00
  0.0000000E+00
  0.0000000E+00
  9.0544683E-07
  0.0000000E+00
 -6.6051615E-07
  0.0000000E+00
  0.0000000E+00
  0.0000000E+00
 -1.2769831E-06
  0.0000000E+00
  0.0000000E+00
  0.0000000E+00
  0.0000000E+00
  0.0000000E+00
  0.0000000E+00
  6.4646594E-07
  7.1247062E-09
 -3.8141206E-06
  2.0159592E-07
  1.4153724E-06
  0.0000000E+00
  0.0000000E+00
  0.0000000E+00
  0.0000000E+00
  0.0000000E+00
  0.0000000E+00
  0.0000000E+00
  1.3037581E-05
  3.7896268E-07
 -4.4176190E-06
  0.0000000E+00
  2.2654251E-06
  3.2402939E-05
 -4.9731721E-06
  3.8862750E-06
 -8.0088530E-06
 -1.9280528E-06
 -8.0170103E-06
  5.2605907E-07
 -4.5586944E-06
 -4.2921902E-06
 -1.7954933E-06
  0.0000000E+00
  0.0000000E+00
  1.8443866E-06
  0.0000000E+00
  0.0000000E+00
 -1.8856766E-06
  4.3081927E-06
 -5.4152179E-07
 -2.8912586E-06
 -3.6857776E-07
  0.0000000E+00
 -8.4825643E-07
  0.0000000E+00
  0.0000000E+00
  0.0000000E+00
