 -3.4242861E-05
 -3.0738764E-05
  4.0225750E-05
  1.0528951E-06
  9.7195352E-06
  2.3061240E-05
  7.5144139E-06
  3.0035799E-05
  1.1595576E-05
 -5.9109088E-06
 -1.1626209E-05
  3.3794122E-06
 -3.0338600E-05
 -1.0451903E-06
  7.2436269E-06
  3.8040023E-06
  3.5950504E-06
 -2.4082203E-06
 -7.3813717E-05
 -2.2525426E-05
  1.2478508E-05
  1.1069887E-05
  6.6063950E-07
  1.5584848E-05
 -2.4613379E-05
  5.4607392E-07
  1.5634532E-05
 -9.1167149E-06
 -6.2464271E-05
 -1.2718989E-06
  1.9485331E-05
 -3.7051698E-06
  5.7111706E-06
 -2.6991656E-06
  3.2460323E-07
  4.9368832E-06
  2.0431439E-06
 -1.5091082E-06
  2.4548385E-06
 -1.6924589E-06
  9.7195025E-06
  7.1002987E-06
  5.0376275E-06
 -6.7908268E-06
 -4.4792305E-06
  6.7077904E-06
 -2.5529747E-05
 -1.9305269E-06
  1.2021733E-05
 -4.4732462E-07
 -1.7714876E-05
  1.6016438E-06
 -3.7338164E-06
  0.0000000E+00
 -1.1543137E-06
  3.4165639E-06
  1.0597981E-05
  8.4148305E-06
  1.6236903E-05
 -2.7704558E-05
  0.0000000E+00
 -1.5993855E-05
  1.5726273E-05
  1.3854596E-05
  4.0690684E-05
 -1.5319948E-06
  5.2723617E-06
 -1.2159723E-05
  6.2895228E-06
 -4.2070465E-06
  1.3071298E-06
  7.0477122E-06
 -6.9594553E-06
  1.1512891E-06
  6.0133357E-06
  8.9393479E-06
  1.2829484E-07
 -4.1460476E-07
 -1.2165866E-06
  0.0000000E+00
 -7.0350444E-07
  4.1797429E-07
 -1.2041534E-07
 -1.5201681E-06
 -1.5024642E-06
  5.2354408E-06
 -6.5452355E-06
  0.0000000E+00
  6.9893840E-06
 -5.6481222E-06
  7.3694482E-06
 -1.0027400E-06
  7.8286894E-06
 -5.7212360E-06
  2.3263685E-06
  2.4299970E-06
  0.0000000E+00
  0.0000000E+00
  0.0000000E+00
  0.0000000E+00
  0.0000000E+00
 -3.8218454E-06
  1.5762242E-06
  0.0000000E+00
 -1.5891389E-06
 -3.1532375E-06
  4.3507489E-06
  0.0000000E+00
  0.0000000E+00
  0.0000000E+00
  1.4684480E-05
  0.0000000E+00
  0.0000000E+00
  0.0000000E+00
  9.5483688E-07
  0.0000000E+00
 -5.8301242E-07
  0.0000000E+00
  0.0000000E+00
  0.0000000E+00
 -1.1075347E-06
  0.0000000E+00
  0.0000000E+00
  0.0000000E+00
  0.0000000E+00
  0.0000000E+00
  0.0000000E+00
  5.8252965E-07
 -1.1473782E-07
 -4.1776975E-06
  7.1322518E-08
  1.4276409E-06
  0.0000000E+00
  0.0000000E+00
  0.0000000E+00
  0.0000000E+00
  0.0000000E+00
  0.0000000E+00
  0.0000000E+00
  1.3090093E-05
  1.5521451E-07
 -4.4589874E-06
  0.0000000E+00
  2.3468310E-06
  3.1594478E-05
 -5.0441427E-06
  3.8435246E-06
 -8.6172231E-06
 -1.7916336E-06
 -8.7893959E-06
  5.5429194E-07
 -4.3630066E-06
 -3.7740385E-06
 -1.8181846E-06
  0.0000000E+00
  0.0000000E+00
  9.8627447E-07
  0.0000000E+00
  0.0000000E+00
 -1.8153077E-06
  4.1157527E-06
 -2.0271226E-07
 -2.8568827E-06
 -5.3637621E-07
  0.0000000E+00
 -9.0159966E-07
  0.0000000E+00
  0.0000000E+00
  0.0000000E+00
