 -3.3297987E-05
 -2.2838873E-05
  4.8362774E-05
  1.9780430E-07
  4.3181044E-06
  1.4100078E-05
  6.4817996E-06
  2.8675673E-05
  1.2855015E-05
 -5.6683311E-06
 -9.9882536E-06
  8.5929400E-07
 -2.1772132E-05
 -7.0107296E-07
  8.5517077E-06
  5.1881620E-06
  4.3813020E-06
  1.5769333E-06
 -6.4937536E-05
 -2.1405256E-05
  1.0790623E-05
  1.4744304E-05
  4.6518608E-06
  1.4061924E-05
 -2.4035240E-05
 -1.7348808E-06
  1.6639851E-05
 -7.2320659E-06
 -5.9713988E-05
  3.1094630E-06
  2.1676216E-05
 -2.9142532E-06
  6.7950914E-06
 -9.8835108E-07
 -2.7522974E-06
  2.0970126E-06
  1.1192064E-06
 -5.4253553E-07
  3.4213165E-06
  1.2753605E-06
  9.0689773E-06
  4.9912255E-06
  3.4005227E-06
 -6.5401987E-06
 -4.2903384E-06
  4.9916971E-06
 -2.4028066E-05
  1.4009182E-06
  1.4286788E-05
 -6.8007085E-07
 -1.1049565E-05
 -1.3267525E-06
 -3.9422453E-06
  0.0000000E+00
  1.4112745E-06
  4.6827813E-06
  8.8920069E-06
  2.7344843E-06
  2.1232079E-05
 -2.2543252E-05
  0.0000000E+00
 -7.1778372E-06
  4.2116981E-06
  2.3978632E-06
  2.6522694E-05
 -1.9456711E-06
  2.6242899E-06
 -1.1288758E-05
  6.6630091E-06
 -5.5947166E-06
 -7.0695228E-07
  1.9560257E-06
 -2.8811940E-06
  7.3914578E-07
  5.0584595E-06
 -3.7008613E-07
  4.7336673E-07
 -1.7644325E-07
 -2.4688329E-06
  0.0000000E+00
 -5.7032327E-07
  1.9617261E-07
  1.9797685E-06
 -8.0362139E-07
 -5.4178199E-06
  1.3503391E-06
 -8.3652676E-06
  0.0000000E+00
  5.4257903E-06
 -3.8590219E-06
  1.3417757E-06
 -1.9103538E-06
 -3.2601878E-07
 -1.6863705E-06
  3.5655642E-06
  2.1262085E-06
  0.0000000E+00
  0.0000000E+00
  0.0000000E+00
  0.0000000E+00
  0.0000000E+00
 -7.1951695E-06
  1.2823388E-06
  0.0000000E+00
 -5.0931158E-07
 -6.1222738E-07
  5.3637204E-06
  0.0000000E+00
  0.0000000E+00
  0.0000000E+00
  1.5916519E-05
  0.0000000E+00
  0.0000000E+00
  0.0000000E+00
  2.4083556E-07
  0.0000000E+00
 -4.7166054E-07
  0.0000000E+00
  0.0000000E+00
  0.0000000E+00
 -1.1860707E-06
  0.0000000E+00
  0.0000000E+00
  0.0000000E+00
  0.0000000E+00
  0.0000000E+00
  0.0000000E+00
 -1.0407811E-07
  6.6127107E-08
 -1.6146997E-06
  1.7153850E-06
  6.2561162E-07
  0.0000000E+00
  0.0000000E+00
  0.0000000E+00
  0.0000000E+00
  0.0000000E+00
  0.0000000E+00
  0.0000000E+00
  1.3158222E-05
  3.5057190E-06
 -1.0468412E-06
  0.0000000E+00
  7.7080349E-06
  2.8595390E-05
 -4.5133565E-06
  3.7744658E-06
 -6.4152664E-06
 -2.1318458E-06
 -6.2490603E-06
  8.4544956E-07
 -3.5920443E-06
 -3.1152099E-06
 -1.4974762E-06
  0.0000000E+00
  0.0000000E+00
  4.9672627E-07
  0.0000000E+00
  0.0000000E+00
 -8.7967942E-07
  6.7439225E-07
 -5.5099804E-07
 -1.8365591E-06
  1.0276917E-06
  0.0000000E+00
 -5.0086265E-07
  0.0000000E+00
  0.0000000E+00
  0.0000000E+00
