 -3.0267796E-05
 -3.1353233E-05
  3.5332454E-05
  1.4899339E-05
  1.2736148E-05
  1.6144470E-05
  6.0885686E-06
  1.5985777E-05
  1.2907847E-05
  7.7776722E-06
 -9.9184554E-06
  1.1954457E-05
 -3.1371481E-05
  4.3634523E-06
  1.7028506E-05
  4.4824064E-06
  1.0683796E-06
 -2.1253552E-06
 -7.6818935E-05
 -3.4205368E-05
  7.2199691E-06
  2.6323062E-06
 -7.8962275E-06
  2.5383592E-06
 -1.7787734E-05
 -6.8439213E-06
  1.6685979E-05
 -1.8105871E-05
 -5.1815834E-05
 -6.5026995E-07
  7.3014335E-06
 -4.0763452E-06
 -1.1012350E-05
 -4.4118747E-06
 -1.1328547E-05
  9.6784679E-06
 -2.5334289E-06
 -8.8717698E-06
  1.8542600E-05
  1.7994447E-05
  9.7059201E-06
  1.0093024E-05
 -5.5715952E-07
  8.2111103E-07
 -1.2556895E-05
  8.3596060E-06
 -1.7493841E-05
  1.9631398E-06
  7.7035111E-06
  1.3077909E-06
 -1.3649395E-05
  5.0008825E-06
  4.4663675E-06
  0.0000000E+00
 -1.7615264E-06
 -3.7321146E-07
  1.9214940E-05
 -2.7709602E-06
  2.2651377E-06
 -2.8688735E-05
  0.0000000E+00
 -3.8901999E-06
  1.9120142E-05
  1.2948241E-05
  3.6344238E-05
  1.4798020E-05
  3.7038767E-06
 -1.6478612E-05
  3.5062205E-06
 -2.3678342E-06
 -2.9220494E-06
  3.3149015E-06
  1.4739732E-07
  1.0775355E-05
  6.4665437E-06
  1.5675569E-05
 -9.1233943E-07
  6.7842524E-07
 -7.3169946E-07
  1.4980631E-06
 -3.0310157E-06
 -1.6577073E-06
 -4.8452485E-08
 -2.2773620E-06
 -9.0836302E-06
  6.1223150E-06
 -7.9740548E-06
  3.2823362E-08
  6.2226363E-06
 -2.8936290E-06
  7.2833041E-06
  6.2432327E-06
 -5.8823275E-07
 -1.2033569E-06
 -6.5465533E-06
  1.7227262E-06
  0.0000000E+00
  0.0000000E+00
  0.0000000E+00
  0.0000000E+00
  6.8519621E-06
 -2.2357206E-06
  3.5412816E-06
  0.0000000E+00
  8.4070001E-07
 -1.0898468E-06
  6.8343970E-06
  0.0000000E+00
  0.0000000E+00
  0.0000000E+00
  1.1024784E-05
  0.0000000E+00
  0.0000000E+00
  0.0000000E+00
 -1.8766606E-06
  0.0000000E+00
 -1.4675867E-06
  0.0000000E+00
 -7.3243314E-07
  0.0000000E+00
 -8.3252377E-07
  3.5165585E-06
  0.0000000E+00
  0.0000000E+00
  0.0000000E+00
  0.0000000E+00
 -1.0443221E-06
 -1.7567252E-06
 -1.0204311E-06
 -2.7732226E-06
 -3.0666041E-07
  1.5753768E-06
  0.0000000E+00
  0.0000000E+00
  0.0000000E+00
  0.0000000E+00
  0.0000000E+00
  0.0000000E+00
  0.0000000E+00
  9.7048269E-06
 -3.5650160E-06
 -3.4310644E-06
 -7.3365169E-07
 -7.7306249E-06
  2.7330054E-05
 -4.5631868E-06
  5.6997055E-07
 -2.1542546E-06
  1.4846223E-06
 -1.0379769E-05
  2.4441199E-06
  1.0641735E-05
 -4.1976673E-06
 -1.6011581E-06
  0.0000000E+00
  0.0000000E+00
  8.2438401E-06
  5.9442641E-07
  2.1271906E-06
 -1.1153656E-05
  3.4022045E-07
  4.8480356E-06
  8.0692707E-06
  7.2789862E-06
 -8.0515192E-06
  1.1334590E-05
  0.0000000E+00
 -8.3828872E-06
 -1.0758071E-05
