 -3.4000590E-05
 -2.5125184E-05
  4.0304491E-05
 -1.6752414E-07
  7.2213788E-06
  1.8382892E-05
  6.3660018E-06
  3.2365391E-05
  1.3078504E-05
 -5.6664376E-06
 -1.1059483E-05
  1.0731736E-06
 -2.3894661E-05
 -4.6109605E-07
  8.8879451E-06
  5.3013709E-06
  4.6489408E-06
  2.0248488E-06
 -6.8300811E-05
 -1.7598433E-05
  1.2174318E-05
  1.5881600E-05
  4.1010976E-06
  1.4332896E-05
 -2.3067514E-05
 -3.3462129E-06
  1.7077857E-05
 -7.8550802E-06
 -5.7177542E-05
  3.0952306E-06
  2.1868982E-05
 -2.8106224E-06
  7.0321776E-06
 -1.1042065E-06
 -2.4639064E-06
  2.3095206E-06
  1.2930510E-06
 -5.1376082E-07
  3.4646600E-06
  1.2822381E-06
  9.1327929E-06
  4.7179019E-06
  3.5406249E-06
 -6.2679323E-06
 -4.6263226E-06
  5.1113848E-06
 -2.4755085E-05
  1.4872636E-06
  1.5182902E-05
 -7.3959956E-07
 -1.1002070E-05
 -1.5377415E-06
 -3.6507915E-06
  0.0000000E+00
  6.1151599E-07
  4.7768990E-06
  8.9341074E-06
  2.9930261E-06
  1.9713078E-05
 -2.2766211E-05
  0.0000000E+00
 -7.9617230E-06
  3.9744154E-06
  2.4520868E-06
  2.9756115E-05
 -1.6629973E-06
  2.7010126E-06
 -1.1458248E-05
  7.0799733E-06
 -5.6967738E-06
 -2.5335353E-07
  1.9888098E-06
 -3.0047106E-06
  8.4695534E-07
  4.8405436E-06
 -3.7412141E-07
  4.8942951E-07
 -1.2032299E-07
 -2.9108019E-06
  0.0000000E+00
 -2.8749534E-07
  5.1292824E-07
  1.7424213E-06
 -8.8142451E-07
 -5.7391303E-06
  1.3640766E-06
 -8.1346116E-06
  0.0000000E+00
  5.5157311E-06
 -4.0321347E-06
  1.8307588E-06
 -2.4430121E-06
 -5.2050569E-07
 -1.9395300E-06
  3.3267850E-06
  2.1492126E-06
  0.0000000E+00
  0.0000000E+00
  0.0000000E+00
  0.0000000E+00
  0.0000000E+00
 -7.5161834E-06
  8.9754411E-07
  0.0000000E+00
 -3.7258158E-07
 -1.1695356E-06
  5.4927427E-06
  0.0000000E+00
  0.0000000E+00
  0.0000000E+00
  1.6779946E-05
  0.0000000E+00
  0.0000000E+00
  0.0000000E+00
  3.4961178E-07
  0.0000000E+00
 -3.2050636E-07
  0.0000000E+00
  0.0000000E+00
  0.0000000E+00
 -1.4123250E-06
  0.0000000E+00
  0.0000000E+00
  0.0000000E+00
  0.0000000E+00
  0.0000000E+00
  0.0000000E+00
 -1.3479384E-07
  5.7463513E-08
 -1.9640049E-06
  1.5928695E-06
  6.1709881E-07
  0.0000000E+00
  0.0000000E+00
  0.0000000E+00
  0.0000000E+00
  0.0000000E+00
  0.0000000E+00
  0.0000000E+00
  1.3266117E-05
  4.1391822E-06
 -1.4163597E-06
  0.0000000E+00
  8.7512553E-06
  2.8006678E-05
 -4.8763709E-06
  3.6819515E-06
 -6.7071069E-06
 -2.8117017E-06
 -7.0274682E-06
  8.2844122E-07
 -3.4556565E-06
 -3.2602018E-06
 -1.5840964E-06
  0.0000000E+00
  0.0000000E+00
  8.0508039E-07
  0.0000000E+00
  0.0000000E+00
 -8.5665840E-07
  6.7909809E-07
 -5.2091377E-07
 -2.1545134E-06
  3.6602535E-07
  0.0000000E+00
 -5.1954549E-07
  0.0000000E+00
  0.0000000E+00
  0.0000000E+00
