 -2.6805134E-05
 -2.0077059E-05
  4.3909175E-05
  7.7527520E-06
  1.1974923E-05
  1.5430111E-05
  5.9983176E-06
  2.4071263E-05
  1.4779723E-05
  1.5161313E-09
 -1.0111507E-05
  5.7910952E-06
 -2.6635453E-05
  6.0444040E-06
  1.5434980E-05
  5.7629568E-06
  2.8455045E-06
  2.1611706E-06
 -6.3251849E-05
 -2.4868677E-05
  1.1069168E-05
  6.9806197E-06
 -8.1732662E-07
  2.5851809E-06
 -1.6465914E-05
 -9.4370362E-06
  1.7455552E-05
 -1.0630282E-05
 -3.9343828E-05
  5.9230342E-06
  1.1114059E-05
 -3.6520096E-06
 -6.3554958E-06
 -2.6231178E-06
 -1.3130310E-05
  5.4323373E-06
 -3.4733023E-06
 -1.1027394E-05
  1.5966953E-05
  1.2668322E-05
  8.5686715E-06
  8.1301105E-06
  1.1343966E-06
  1.6645477E-06
 -9.8815372E-06
  9.0919011E-06
 -1.6880189E-05
  3.6767381E-06
  6.9559046E-06
 -5.7825565E-07
 -8.0238506E-06
  1.5291674E-06
  3.4397613E-06
  0.0000000E+00
  1.9680542E-06
  4.1040573E-07
  1.6794274E-05
 -6.6545531E-06
  5.3138383E-06
 -2.4448698E-05
  0.0000000E+00
  7.0940064E-07
  8.8154984E-06
  6.0860507E-06
  3.5049587E-05
  7.8190851E-06
  1.0365192E-06
 -1.7295350E-05
  7.0948772E-07
 -3.2024614E-06
 -7.4022514E-06
 -1.0468630E-06
  6.0048200E-07
  8.3156165E-06
 -2.3698900E-07
  2.9817963E-06
 -1.3907544E-06
  4.9351956E-07
 -3.5732005E-06
  1.1591005E-06
 -1.3245919E-06
 -2.6893943E-07
  1.0852980E-06
 -1.0983107E-06
 -9.0217936E-06
  4.3842706E-06
 -1.1558031E-05
  1.1573647E-07
  1.9236822E-06
 -3.9301635E-06
  5.2146111E-06
  2.2521917E-06
 -5.2147216E-06
  9.6807094E-07
 -9.4726174E-06
  1.5990553E-06
  0.0000000E+00
  0.0000000E+00
  0.0000000E+00
  0.0000000E+00
  6.1132978E-06
 -5.3767953E-06
 -2.2262154E-06
  0.0000000E+00
  1.0161408E-06
  2.0131595E-06
  6.5789868E-06
  0.0000000E+00
  0.0000000E+00
  0.0000000E+00
  1.1339040E-05
  0.0000000E+00
  0.0000000E+00
  0.0000000E+00
 -2.7276933E-06
  0.0000000E+00
 -1.6048423E-06
  0.0000000E+00
 -2.2372335E-07
  0.0000000E+00
 -1.6260024E-06
  3.2097387E-06
  0.0000000E+00
  0.0000000E+00
  0.0000000E+00
  0.0000000E+00
 -8.6836781E-07
 -1.9390245E-06
 -8.0814124E-07
 -1.7528120E-06
  2.3284147E-07
  1.3214983E-06
  0.0000000E+00
  0.0000000E+00
  0.0000000E+00
  0.0000000E+00
  0.0000000E+00
  0.0000000E+00
  0.0000000E+00
  1.0915976E-05
 -3.0343231E-06
 -9.5589985E-07
 -8.2117867E-07
  1.8013158E-06
  2.8596804E-05
 -5.6425870E-06
 -1.2599781E-06
 -6.0109068E-07
  6.2556325E-08
 -1.0935443E-05
  3.7743717E-07
  6.9075331E-06
 -5.8629576E-06
 -1.7176387E-06
  0.0000000E+00
  0.0000000E+00
  6.4914178E-07
 -5.1657198E-06
 -1.5678016E-06
 -8.6540076E-06
  6.7022611E-08
  3.8406611E-06
  4.6323325E-06
  2.9820133E-06
 -6.1258779E-06
  2.6101866E-06
  0.0000000E+00
 -9.2617893E-06
 -3.8111268E-06
