 -2.7586833E-05
 -2.0785214E-05
  4.3753367E-05
  7.9003048E-06
  1.3336849E-05
  1.5427393E-05
  5.9422191E-06
  2.5504887E-05
  1.5671147E-05
 -6.4827515E-07
 -1.0341328E-05
  5.6453569E-06
 -2.7230766E-05
  6.1058881E-06
  1.5105189E-05
  5.8806113E-06
  2.8337620E-06
  2.1043791E-06
 -6.5677021E-05
 -2.5250707E-05
  1.1645982E-05
  7.6823244E-06
 -6.0417358E-07
  2.5475388E-06
 -1.7139835E-05
 -1.0188794E-05
  1.7905659E-05
 -1.1798887E-05
 -3.9695788E-05
  5.8751580E-06
  1.1313010E-05
 -3.6214078E-06
 -6.2817116E-06
 -2.7285394E-06
 -1.2731031E-05
  5.5696273E-06
 -3.5446042E-06
 -1.1248933E-05
  1.5874781E-05
  1.3263957E-05
  8.7122808E-06
  8.2285160E-06
  1.1579555E-06
  1.6808043E-06
 -1.0123184E-05
  9.2908631E-06
 -1.7430379E-05
  3.7161697E-06
  6.8938648E-06
 -6.1757635E-07
 -8.6041046E-06
  1.4606945E-06
  3.4242262E-06
  0.0000000E+00
  2.0764364E-06
  4.3541286E-07
  1.6911648E-05
 -6.4887372E-06
  5.6343411E-06
 -2.5425665E-05
  0.0000000E+00
  2.3169125E-07
  8.7975013E-06
  6.1773935E-06
  3.7704689E-05
  8.0197460E-06
  1.0236280E-06
 -1.7705173E-05
  6.6239500E-07
 -3.2741871E-06
 -7.6824963E-06
 -7.8217920E-07
  6.8580135E-07
  8.5040974E-06
 -2.4095965E-07
  3.0759891E-06
 -1.3312739E-06
  7.9703392E-07
 -3.5858407E-06
  1.1730223E-06
 -1.3704831E-06
 -2.6801368E-07
  1.3272191E-06
 -1.2319035E-06
 -8.9943787E-06
  4.5533134E-06
 -1.1375188E-05
  1.0973255E-07
  1.9493787E-06
 -3.9418446E-06
  5.4571337E-06
  2.3826722E-06
 -5.3096874E-06
  1.0226306E-06
 -9.7250886E-06
  1.5891017E-06
  0.0000000E+00
  0.0000000E+00
  0.0000000E+00
  0.0000000E+00
  6.2531021E-06
 -5.3812801E-06
 -2.2757902E-06
  0.0000000E+00
  1.0406077E-06
  2.0165539E-06
  6.6723828E-06
  0.0000000E+00
  0.0000000E+00
  0.0000000E+00
  1.1569288E-05
  0.0000000E+00
  0.0000000E+00
  0.0000000E+00
 -2.8637128E-06
  0.0000000E+00
 -1.6686074E-06
  0.0000000E+00
 -2.2985125E-07
  0.0000000E+00
 -1.6407159E-06
  3.2708385E-06
  0.0000000E+00
  0.0000000E+00
  0.0000000E+00
  0.0000000E+00
 -8.8781019E-07
 -2.0002503E-06
 -8.5537931E-07
 -1.7790792E-06
  2.9379194E-07
  1.3583972E-06
  0.0000000E+00
  0.0000000E+00
  0.0000000E+00
  0.0000000E+00
  0.0000000E+00
  0.0000000E+00
  0.0000000E+00
  1.1001615E-05
 -2.9830437E-06
 -1.0338424E-06
 -8.3453767E-07
  1.9960814E-06
  2.9221979E-05
 -5.8195433E-06
 -1.2912880E-06
 -5.7058003E-07
  3.8991303E-08
 -1.0966619E-05
  2.7505104E-07
  6.9882194E-06
 -5.3926333E-06
 -1.7358628E-06
  0.0000000E+00
  0.0000000E+00
  7.0465086E-07
 -5.3399381E-06
 -1.5568584E-06
 -8.8141114E-06
  3.8280913E-08
  3.9361075E-06
  4.7071844E-06
  3.0843532E-06
 -6.5386057E-06
  2.9095611E-06
  0.0000000E+00
 -9.3162635E-06
 -3.7972511E-06
