 -2.7809105E-05
 -2.0477308E-05
  4.1037445E-05
  8.6460977E-06
  1.2429050E-05
  1.6578924E-05
  6.0368334E-06
  2.6099733E-05
  1.4836360E-05
  7.8590168E-10
 -1.0456207E-05
  5.1509724E-06
 -2.7557790E-05
  6.2040695E-06
  1.5718848E-05
  5.8355204E-06
  2.7579106E-06
  2.3351340E-06
 -6.5345135E-05
 -2.2723880E-05
  1.2446490E-05
  6.8466638E-06
 -8.5875479E-07
  2.7165252E-06
 -1.6653716E-05
 -1.0251974E-05
  1.7686503E-05
 -1.1396879E-05
 -3.8319758E-05
  6.1246524E-06
  1.1247131E-05
 -3.7580969E-06
 -6.4624878E-06
 -2.7612518E-06
 -1.3481334E-05
  5.3971357E-06
 -3.7412906E-06
 -1.1260132E-05
  1.6320831E-05
  1.2939758E-05
  8.5296979E-06
  8.2456636E-06
  1.3558217E-06
  1.9080787E-06
 -1.0205039E-05
  9.2748305E-06
 -1.7402284E-05
  3.8311309E-06
  6.8823115E-06
 -5.9397445E-07
 -8.5079728E-06
  1.5459522E-06
  3.5897433E-06
  0.0000000E+00
  1.6845398E-06
  4.6358042E-07
  1.7288758E-05
 -6.5828081E-06
  5.5546084E-06
 -2.4743687E-05
  0.0000000E+00
 -4.6030621E-07
  9.0100957E-06
  6.2510694E-06
  3.6767942E-05
  7.8075609E-06
  1.2601180E-06
 -1.7729672E-05
  2.4442042E-07
 -3.3017764E-06
 -7.6675688E-06
 -7.5435418E-07
  4.4403225E-07
  8.3821369E-06
 -6.4155739E-07
  3.0197657E-06
 -1.2606534E-06
  1.0592117E-06
 -3.7438658E-06
  1.1872294E-06
 -1.2639914E-06
 -4.1194900E-07
  1.1599035E-06
 -1.1732246E-06
 -8.7641711E-06
  4.4007402E-06
 -1.1476311E-05
  1.1483291E-07
  1.7555612E-06
 -4.0029017E-06
  5.1507013E-06
  2.2396853E-06
 -5.3865760E-06
  9.3591581E-07
 -9.4948928E-06
  1.5965383E-06
  0.0000000E+00
  0.0000000E+00
  0.0000000E+00
  0.0000000E+00
  6.2445756E-06
 -5.5328401E-06
 -2.2450035E-06
  0.0000000E+00
  1.0797410E-06
  2.0653272E-06
  6.6741054E-06
  0.0000000E+00
  0.0000000E+00
  0.0000000E+00
  1.1670919E-05
  0.0000000E+00
  0.0000000E+00
  0.0000000E+00
 -2.8189588E-06
  0.0000000E+00
 -1.7295637E-06
  0.0000000E+00
 -1.9570729E-07
  0.0000000E+00
 -1.8097045E-06
  3.2837643E-06
  0.0000000E+00
  0.0000000E+00
  0.0000000E+00
  0.0000000E+00
 -9.0173353E-07
 -1.9719912E-06
 -8.4662747E-07
 -1.8116908E-06
  2.2832488E-07
  1.3810670E-06
  0.0000000E+00
  0.0000000E+00
  0.0000000E+00
  0.0000000E+00
  0.0000000E+00
  0.0000000E+00
  0.0000000E+00
  1.1127027E-05
 -2.9714929E-06
 -1.0662891E-06
 -8.1662239E-07
  1.8333986E-06
  2.8860608E-05
 -5.7351749E-06
 -1.3137869E-06
 -5.4702394E-07
  5.3435116E-08
 -1.0882375E-05
  3.0169016E-07
  7.0341521E-06
 -5.9337699E-06
 -1.8072193E-06
  0.0000000E+00
  0.0000000E+00
  9.6238534E-07
 -4.8694660E-06
 -1.6158435E-06
 -9.5649466E-06
 -1.5108971E-07
  3.9095448E-06
  4.7269127E-06
  2.8269994E-06
 -6.3637044E-06
  2.2817792E-06
  0.0000000E+00
 -9.3416984E-06
 -3.4849893E-06
