 -2.9758156E-05
 -3.1911208E-05
  3.5041146E-05
  1.5736117E-05
  1.2745081E-05
  1.4557938E-05
  5.9093918E-06
  1.7031340E-05
  1.1348310E-05
  7.6055085E-06
 -9.8488072E-06
  1.1829103E-05
 -3.2888958E-05
  4.2997181E-06
  1.7278642E-05
  4.4868079E-06
  7.7234421E-07
 -2.2960307E-06
 -7.5877157E-05
 -3.1217325E-05
  6.9887797E-06
  2.3437296E-06
 -7.6269503E-06
  2.6767966E-06
 -1.8407483E-05
 -8.2021979E-06
  1.6539128E-05
 -1.7395800E-05
 -5.0364873E-05
  1.6956230E-07
  7.6230208E-06
 -4.1274111E-06
 -1.1673337E-05
 -4.4927688E-06
 -1.1791754E-05
  9.6777685E-06
 -2.5860002E-06
 -9.4121933E-06
  1.8928995E-05
  1.7710821E-05
  9.7102265E-06
  9.7976827E-06
 -2.5536045E-07
  9.7706163E-07
 -1.2381580E-05
  8.3349287E-06
 -1.7992688E-05
  2.2304610E-06
  7.5604448E-06
  1.3215105E-06
 -1.4070847E-05
  5.1094239E-06
  4.4508970E-06
  0.0000000E+00
 -1.9213785E-06
 -2.9572939E-07
  1.9285411E-05
 -2.7375597E-06
  3.2938576E-06
 -2.9624980E-05
  0.0000000E+00
 -4.1578160E-06
  1.9403707E-05
  1.3247766E-05
  3.7240046E-05
  1.4276177E-05
  3.5863161E-06
 -1.6664553E-05
  3.2909179E-06
 -2.3192808E-06
 -2.7213073E-06
  3.5162057E-06
  5.8397973E-08
  1.0629445E-05
  6.6940174E-06
  1.5450898E-05
 -7.5553936E-07
  1.4559841E-06
 -7.2063779E-07
  1.4896996E-06
 -3.0780218E-06
 -2.2571007E-06
 -3.3359268E-07
 -2.4524991E-06
 -9.0983749E-06
  6.1482829E-06
 -7.8990379E-06
  3.6893585E-08
  5.7857005E-06
 -2.9239279E-06
  6.9993662E-06
  6.2759773E-06
 -5.2666024E-07
 -1.3050428E-06
 -7.0951369E-06
  1.6877043E-06
  0.0000000E+00
  0.0000000E+00
  0.0000000E+00
  0.0000000E+00
  7.0114365E-06
 -2.3117336E-06
  3.4122706E-06
  0.0000000E+00
  8.4633530E-07
 -1.2929964E-06
  6.7713145E-06
  0.0000000E+00
  0.0000000E+00
  0.0000000E+00
  1.1088027E-05
  0.0000000E+00
  0.0000000E+00
  0.0000000E+00
 -1.8806388E-06
  0.0000000E+00
 -1.6618471E-06
  0.0000000E+00
 -7.4056618E-07
  0.0000000E+00
 -8.1989924E-07
  3.5004359E-06
  0.0000000E+00
  0.0000000E+00
  0.0000000E+00
  0.0000000E+00
 -1.0205428E-06
 -1.6786937E-06
 -1.0130725E-06
 -2.8515321E-06
 -3.5511690E-07
  1.5949430E-06
  0.0000000E+00
  0.0000000E+00
  0.0000000E+00
  0.0000000E+00
  0.0000000E+00
  0.0000000E+00
  0.0000000E+00
  9.8665341E-06
 -3.3927452E-06
 -3.5232324E-06
 -7.3034226E-07
 -7.7198656E-06
  2.7092867E-05
 -4.5560223E-06
  5.1970659E-07
 -2.2937954E-06
  1.7670857E-06
 -1.0543261E-05
  2.3415992E-06
  1.0696020E-05
 -4.2274560E-06
 -1.6503046E-06
  0.0000000E+00
  0.0000000E+00
  8.5813053E-06
  7.3157349E-07
  2.3216899E-06
 -1.1726489E-05
  1.7597482E-07
  4.8569300E-06
  8.1687822E-06
  7.3757365E-06
 -8.4370249E-06
  1.1310923E-05
  0.0000000E+00
 -8.1694898E-06
 -1.0327688E-05
