 -2.9657313E-05
 -3.3025717E-05
  3.8512095E-05
  1.4080199E-05
  1.4604432E-05
  1.4158570E-05
  5.8656847E-06
  1.7454433E-05
  1.3196845E-05
  6.7281640E-06
 -9.4808447E-06
  1.2832750E-05
 -3.2814940E-05
  4.3714599E-06
  1.6850152E-05
  4.5803340E-06
  9.6688950E-07
 -2.3400878E-06
 -7.6430530E-05
 -3.7019519E-05
  6.7685028E-06
  3.3388387E-06
 -7.6577835E-06
  2.4507704E-06
 -1.9322422E-05
 -7.9910924E-06
  1.6573273E-05
 -1.8041279E-05
 -5.3556039E-05
  1.8141327E-07
  7.5310286E-06
 -4.1388107E-06
 -1.1482160E-05
 -4.4543722E-06
 -1.1108949E-05
  9.8669434E-06
 -2.4146530E-06
 -9.2474311E-06
  1.8769195E-05
  1.8988098E-05
  1.0042554E-05
  9.6948997E-06
 -3.6491429E-07
  5.0222474E-07
 -1.2258671E-05
  8.3847690E-06
 -1.7932454E-05
  2.2493446E-06
  7.4386789E-06
  1.2246508E-06
 -1.4199845E-05
  5.0326912E-06
  4.4443809E-06
  0.0000000E+00
 -1.2052108E-06
 -3.5362669E-07
  1.8891245E-05
 -2.7977485E-06
  2.8499446E-06
 -3.0980034E-05
  0.0000000E+00
 -3.6543586E-06
  1.9102437E-05
  1.3010572E-05
  3.8409420E-05
  1.4562940E-05
  3.5993526E-06
 -1.6797008E-05
  3.5569853E-06
 -2.3127980E-06
 -2.6331284E-06
  3.3294664E-06
  3.0189858E-07
  1.1143663E-05
  6.4493233E-06
  1.5691656E-05
 -7.8930100E-07
  9.3843175E-07
 -8.4659382E-07
  1.4738748E-06
 -2.8594498E-06
 -1.2101220E-06
  3.3819791E-08
 -2.3361329E-06
 -9.1911925E-06
  6.0095890E-06
 -7.7606755E-06
  5.5166911E-08
  5.9445842E-06
 -2.8091094E-06
  7.3966839E-06
  6.6106049E-06
 -5.7461688E-07
 -1.2146930E-06
 -7.3470205E-06
  1.7404320E-06
  0.0000000E+00
  0.0000000E+00
  0.0000000E+00
  0.0000000E+00
  7.1109675E-06
 -2.2369859E-06
  3.4597676E-06
  0.0000000E+00
  7.8148031E-07
 -1.2158155E-06
  6.8114223E-06
  0.0000000E+00
  0.0000000E+00
  0.0000000E+00
  1.0927985E-05
  0.0000000E+00
  0.0000000E+00
  0.0000000E+00
 -1.8593312E-06
  0.0000000E+00
 -1.5980336E-06
  0.0000000E+00
 -7.2676278E-07
  0.0000000E+00
 -7.5165332E-07
  3.6001611E-06
  0.0000000E+00
  0.0000000E+00
  0.0000000E+00
  0.0000000E+00
 -1.0241582E-06
 -1.7089766E-06
 -1.0313472E-06
 -2.6841024E-06
 -1.7123479E-07
  1.6024300E-06
  0.0000000E+00
  0.0000000E+00
  0.0000000E+00
  0.0000000E+00
  0.0000000E+00
  0.0000000E+00
  0.0000000E+00
  9.7032880E-06
 -3.5897597E-06
 -3.5720084E-06
 -7.3666024E-07
 -7.2187559E-06
  2.7294860E-05
 -4.6581272E-06
  6.5016923E-07
 -2.1903120E-06
  1.5505483E-06
 -1.0509737E-05
  2.4255216E-06
  1.0495762E-05
 -3.9381734E-06
 -1.6215248E-06
  0.0000000E+00
  0.0000000E+00
  7.7644463E-06
  1.1848966E-06
  2.2958391E-06
 -1.0733878E-05
  4.0948501E-07
  4.7730409E-06
  8.1326980E-06
  7.6302549E-06
 -8.3176437E-06
  1.2441559E-05
  0.0000000E+00
 -8.3656605E-06
 -1.0049385E-05
