 -3.3935834E-05
 -3.0677191E-05
  4.7089638E-05
 -8.4272209E-08
  8.9514842E-06
  1.9753164E-05
  7.6125966E-06
  2.6850681E-05
  1.4731460E-05
 -6.7856827E-06
 -1.1564670E-05
  4.3585947E-06
 -2.9064235E-05
 -9.1833834E-07
  7.1966524E-06
  3.7834843E-06
  4.0167752E-06
 -2.2914874E-06
 -7.8971272E-05
 -3.0382018E-05
  1.2091918E-05
  1.3159653E-05
  2.3881485E-06
  1.6001512E-05
 -2.5255011E-05
  8.1325697E-07
  1.6661352E-05
 -1.0919438E-05
 -6.9167974E-05
 -8.8885548E-07
  2.0329946E-05
 -3.4195614E-06
  5.7664461E-06
 -3.0097565E-06
  1.2107171E-07
  5.5506684E-06
  1.7615070E-06
 -9.5426594E-07
  2.4834114E-06
 -1.7835478E-06
  1.0275486E-05
  7.1576164E-06
  5.2536161E-06
 -6.7366559E-06
 -3.8536195E-06
  6.9454791E-06
 -2.4371577E-05
 -2.7645078E-06
  1.2311233E-05
 -4.2456637E-07
 -1.8514735E-05
  1.6572849E-06
 -3.4625837E-06
  0.0000000E+00
 -3.8951057E-07
  3.5319761E-06
  1.0485011E-05
  7.9250985E-06
  1.7806045E-05
 -2.9477691E-05
  0.0000000E+00
 -1.7437225E-05
  1.5843678E-05
  1.3586030E-05
  4.6582740E-05
 -1.6543282E-06
  5.1340940E-06
 -1.2409958E-05
  5.5095124E-06
 -4.3862301E-06
  1.3268655E-06
  5.8378523E-06
 -7.2388571E-06
  1.2079827E-06
  5.4581010E-06
  9.6719914E-06
  3.1820522E-07
 -3.2726550E-07
 -1.8272291E-06
  0.0000000E+00
  1.3758834E-07
  2.8903344E-07
  2.2385835E-07
 -1.1132814E-06
 -1.2944912E-06
  4.9994942E-06
 -6.4826713E-06
  0.0000000E+00
  6.9192447E-06
 -4.3388773E-06
  6.1147571E-06
 -4.6228072E-07
  8.1924691E-06
 -5.0419030E-06
  1.9670019E-06
  2.6210323E-06
  0.0000000E+00
  0.0000000E+00
  0.0000000E+00
  0.0000000E+00
  0.0000000E+00
 -3.7004836E-06
  3.3149487E-07
  0.0000000E+00
 -1.4322404E-06
 -2.9488697E-06
  4.3960513E-06
  0.0000000E+00
  0.0000000E+00
  0.0000000E+00
  1.3623062E-05
  0.0000000E+00
  0.0000000E+00
  0.0000000E+00
  9.7181248E-07
  0.0000000E+00
 -6.5713874E-07
  0.0000000E+00
  0.0000000E+00
  0.0000000E+00
 -1.2306284E-06
  0.0000000E+00
  0.0000000E+00
  0.0000000E+00
  0.0000000E+00
  0.0000000E+00
  0.0000000E+00
  6.4752516E-07
 -9.0064006E-08
 -3.8706580E-06
  3.6982311E-07
  1.4725130E-06
  0.0000000E+00
  0.0000000E+00
  0.0000000E+00
  0.0000000E+00
  0.0000000E+00
  0.0000000E+00
  0.0000000E+00
  1.2583177E-05
  3.0726318E-07
 -4.0606201E-06
  0.0000000E+00
  2.9957700E-06
  3.2212331E-05
 -5.1608167E-06
  3.9233801E-06
 -8.4937310E-06
 -2.1717569E-06
 -8.2578490E-06
  5.2681378E-07
 -4.6422047E-06
 -3.9824481E-06
 -1.8787184E-06
  0.0000000E+00
  0.0000000E+00
  3.2670264E-06
  0.0000000E+00
  0.0000000E+00
 -1.8999987E-06
  4.1234634E-06
 -1.6294474E-07
 -2.6152977E-06
 -3.2192060E-07
  0.0000000E+00
 -9.0735625E-07
  0.0000000E+00
  0.0000000E+00
  0.0000000E+00
