 -3.5733290E-05
 -2.3126018E-05
  4.1306539E-05
  1.2718884E-06
  4.4449648E-06
  1.9173040E-05
  6.4782366E-06
  2.9047500E-05
  1.6745342E-05
 -6.8448203E-06
 -1.0799225E-05
  1.8986433E-06
 -2.1784481E-05
 -5.8567753E-07
  8.8098232E-06
  5.1202715E-06
  4.3316199E-06
  2.1160797E-06
 -7.1750830E-05
 -1.9481397E-05
  9.3801646E-06
  1.6499151E-05
  4.2809343E-06
  1.3674434E-05
 -2.2175387E-05
 -2.3581840E-06
  1.7447464E-05
 -8.1636772E-06
 -5.6321805E-05
  2.6675723E-06
  2.0992829E-05
 -2.8215266E-06
  6.7067585E-06
 -9.8328451E-07
 -2.3358020E-06
  2.3463735E-06
  1.2412449E-06
 -4.0977264E-07
  3.4164543E-06
  1.2454723E-06
  8.6902883E-06
  5.0209233E-06
  3.4389636E-06
 -6.5551944E-06
 -4.7546409E-06
  4.7447502E-06
 -2.3121569E-05
  1.2101553E-06
  1.5378666E-05
 -7.2403526E-07
 -1.1218977E-05
 -1.2984482E-06
 -4.1004128E-06
  0.0000000E+00
  7.3411519E-07
  4.8539182E-06
  9.1420361E-06
  2.9155692E-06
  1.9279532E-05
 -2.1118709E-05
  0.0000000E+00
 -8.3965533E-06
  4.1109715E-06
  2.7623921E-06
  2.8140548E-05
 -1.7293187E-06
  2.5663296E-06
 -1.1247814E-05
  7.1718173E-06
 -6.0178490E-06
 -3.9954080E-07
  1.0811206E-06
 -2.8485549E-06
  9.0326620E-07
  4.9673722E-06
 -3.8244377E-07
  4.6529578E-07
 -1.9587426E-07
 -2.5039817E-06
  0.0000000E+00
  2.5807370E-07
  6.2638044E-08
  1.9477404E-06
 -7.8590608E-07
 -5.8838332E-06
  1.1231324E-06
 -9.2632645E-06
  0.0000000E+00
  5.6816534E-06
 -4.5021807E-06
  2.0617033E-06
 -2.5628017E-06
 -2.1270948E-07
 -1.6515424E-06
  3.7127415E-06
  2.1868516E-06
  0.0000000E+00
  0.0000000E+00
  0.0000000E+00
  0.0000000E+00
  0.0000000E+00
 -6.7951187E-06
  1.2829302E-06
  0.0000000E+00
 -3.5996598E-07
 -9.9346653E-07
  5.4646321E-06
  0.0000000E+00
  0.0000000E+00
  0.0000000E+00
  1.6846985E-05
  0.0000000E+00
  0.0000000E+00
  0.0000000E+00
  2.3355948E-07
  0.0000000E+00
 -1.9959424E-07
  0.0000000E+00
  0.0000000E+00
  0.0000000E+00
 -1.7451803E-06
  0.0000000E+00
  0.0000000E+00
  0.0000000E+00
  0.0000000E+00
  0.0000000E+00
  0.0000000E+00
 -1.4133123E-07
  3.4886796E-08
 -1.6894946E-06
  1.7395921E-06
  6.3013783E-07
  0.0000000E+00
  0.0000000E+00
  0.0000000E+00
  0.0000000E+00
  0.0000000E+00
  0.0000000E+00
  0.0000000E+00
  1.3169117E-05
  4.0754035E-06
 -1.6272014E-06
  0.0000000E+00
  8.8896149E-06
  2.8865543E-05
 -4.6059686E-06
  3.8149478E-06
 -6.2183926E-06
 -2.8857535E-06
 -6.5075105E-06
  7.7297659E-07
 -3.4873221E-06
 -3.1855991E-06
 -1.5394343E-06
  0.0000000E+00
  0.0000000E+00
  1.1567936E-06
  0.0000000E+00
  0.0000000E+00
 -8.6817727E-07
  6.6965595E-07
 -5.9051024E-07
 -1.9236425E-06
  1.0889069E-06
  0.0000000E+00
 -5.0289708E-07
  0.0000000E+00
  0.0000000E+00
  0.0000000E+00
