 -2.8063234E-05
 -2.0322865E-05
  4.0791168E-05
  8.5725833E-06
  1.1782494E-05
  1.7154987E-05
  6.0006596E-06
  2.4185425E-05
  1.5904325E-05
 -1.3655803E-07
 -1.0378597E-05
  5.5328142E-06
 -2.6198561E-05
  6.2215026E-06
  1.5260401E-05
  5.8625997E-06
  2.8301631E-06
  2.5606128E-06
 -6.6037137E-05
 -2.3996745E-05
  1.1662189E-05
  7.4791442E-06
 -9.3647566E-07
  2.5431627E-06
 -1.6175056E-05
 -9.3665303E-06
  1.7705581E-05
 -1.1878540E-05
 -3.8074253E-05
  5.9462709E-06
  1.1001704E-05
 -3.7186073E-06
 -5.8640567E-06
 -2.6964740E-06
 -1.2953550E-05
  5.3774957E-06
 -3.6282308E-06
 -1.1206407E-05
  1.5685473E-05
  1.2869978E-05
  8.4167659E-06
  8.2971183E-06
  1.1440291E-06
  1.8062233E-06
 -1.0392569E-05
  9.0629410E-06
 -1.7058486E-05
  3.7067291E-06
  7.0843653E-06
 -5.8643121E-07
 -8.2093020E-06
  1.4834077E-06
  3.4566149E-06
  0.0000000E+00
  1.8828972E-06
  4.1542344E-07
  1.7014137E-05
 -6.4980168E-06
  5.3278945E-06
 -2.3796594E-05
  0.0000000E+00
 -6.2784395E-08
  8.7634335E-06
  6.1157152E-06
  3.5811598E-05
  8.1597500E-06
  1.5595531E-06
 -1.7241355E-05
  4.5318043E-07
 -3.4114234E-06
 -7.6825172E-06
 -7.1388479E-07
  4.7663397E-07
  8.3878813E-06
 -5.8988570E-07
  3.0699150E-06
 -1.2540440E-06
  8.2234959E-07
 -3.6592298E-06
  1.1785020E-06
 -1.2289487E-06
 -2.7394771E-07
  1.1224554E-06
 -1.0930289E-06
 -8.8806728E-06
  4.3959853E-06
 -1.1773844E-05
  1.0933303E-07
  1.8554423E-06
 -3.8074977E-06
  5.3049343E-06
  2.1468682E-06
 -5.4148645E-06
  1.0006374E-06
 -9.5919340E-06
  1.5854431E-06
  0.0000000E+00
  0.0000000E+00
  0.0000000E+00
  0.0000000E+00
  6.0217153E-06
 -5.3829867E-06
 -2.2622992E-06
  0.0000000E+00
  1.0745028E-06
  2.0118248E-06
  6.6226617E-06
  0.0000000E+00
  0.0000000E+00
  0.0000000E+00
  1.1711670E-05
  0.0000000E+00
  0.0000000E+00
  0.0000000E+00
 -2.7725071E-06
  0.0000000E+00
 -1.7248871E-06
  0.0000000E+00
 -1.9065430E-07
  0.0000000E+00
 -1.8757894E-06
  3.2596006E-06
  0.0000000E+00
  0.0000000E+00
  0.0000000E+00
  0.0000000E+00
 -8.9526685E-07
 -2.0079847E-06
 -8.3440972E-07
 -1.7905248E-06
  2.2717764E-07
  1.3440366E-06
  0.0000000E+00
  0.0000000E+00
  0.0000000E+00
  0.0000000E+00
  0.0000000E+00
  0.0000000E+00
  0.0000000E+00
  1.1072585E-05
 -2.9970649E-06
 -1.0100196E-06
 -8.0654263E-07
  1.8421840E-06
  2.9001991E-05
 -5.7572556E-06
 -1.2993012E-06
 -5.3406018E-07
 -3.8964370E-08
 -1.0683667E-05
  4.4214798E-07
  6.9099851E-06
 -5.9431022E-06
 -1.7124095E-06
  0.0000000E+00
  0.0000000E+00
  6.6568987E-07
 -4.9157366E-06
 -1.7743005E-06
 -8.9412197E-06
 -1.0216176E-08
  3.8984572E-06
  4.5992288E-06
  2.8042568E-06
 -6.1995997E-06
  2.3496543E-06
  0.0000000E+00
 -9.1375396E-06
 -3.9728347E-06
