 -2.9871908E-05
 -3.2020685E-05
  3.9959246E-05
  1.3805226E-05
  1.3623976E-05
  1.4628057E-05
  6.1122000E-06
  1.6649794E-05
  1.2618823E-05
  7.4143504E-06
 -9.9281897E-06
  1.3001060E-05
 -3.2834520E-05
  4.2689881E-06
  1.7698196E-05
  4.5286479E-06
  9.7975169E-07
 -2.6079808E-06
 -7.4005802E-05
 -3.6959373E-05
  5.6085360E-06
  2.4366434E-06
 -7.7477189E-06
  2.6114885E-06
 -1.8701397E-05
 -7.2427902E-06
  1.6597211E-05
 -1.6795133E-05
 -5.5086828E-05
 -4.4153627E-08
  7.7236264E-06
 -4.2260467E-06
 -1.1988265E-05
 -4.5597649E-06
 -1.1582575E-05
  9.9241961E-06
 -2.4817775E-06
 -9.0931353E-06
  1.9351397E-05
  1.8127963E-05
  1.0070766E-05
  9.9047093E-06
 -2.2187992E-07
  6.7962679E-07
 -1.2051585E-05
  8.3918130E-06
 -1.7735902E-05
  1.9865734E-06
  7.6807228E-06
  1.2671278E-06
 -1.3196823E-05
  5.1624302E-06
  4.4755266E-06
  0.0000000E+00
 -1.1715955E-06
 -3.8481403E-07
  1.9265190E-05
 -2.7238402E-06
  2.8362831E-06
 -2.9998724E-05
  0.0000000E+00
 -2.8371023E-06
  1.9439538E-05
  1.3086477E-05
  3.6448208E-05
  1.4410387E-05
  3.6147137E-06
 -1.6827778E-05
  3.6765941E-06
 -2.3668001E-06
 -2.7217284E-06
  3.3355113E-06
  3.1996501E-07
  1.0775427E-05
  6.5934382E-06
  1.5521984E-05
 -9.3449552E-07
  6.2483565E-07
 -7.1281784E-07
  1.5210854E-06
 -2.9366652E-06
 -1.6055245E-06
 -4.3843986E-08
 -2.0518512E-06
 -9.5519581E-06
  6.0698535E-06
 -7.9513575E-06
  5.7742177E-08
  6.1046508E-06
 -3.0716230E-06
  7.2384555E-06
  6.3682637E-06
 -6.1044858E-07
 -1.1255872E-06
 -7.0915421E-06
  1.7410789E-06
  0.0000000E+00
  0.0000000E+00
  0.0000000E+00
  0.0000000E+00
  7.1458935E-06
 -2.2639938E-06
  3.5290457E-06
  0.0000000E+00
  7.9243989E-07
 -1.0042434E-06
  6.9300227E-06
  0.0000000E+00
  0.0000000E+00
  0.0000000E+00
  1.1166151E-05
  0.0000000E+00
  0.0000000E+00
  0.0000000E+00
 -1.9215852E-06
  0.0000000E+00
 -1.4703960E-06
  0.0000000E+00
 -7.8455116E-07
  0.0000000E+00
 -8.1420347E-07
  3.5154767E-06
  0.0000000E+00
  0.0000000E+00
  0.0000000E+00
  0.0000000E+00
 -1.0479165E-06
 -1.7201448E-06
 -1.0419365E-06
 -2.8072393E-06
 -2.9174265E-07
  1.5757945E-06
  0.0000000E+00
  0.0000000E+00
  0.0000000E+00
  0.0000000E+00
  0.0000000E+00
  0.0000000E+00
  0.0000000E+00
  9.9290792E-06
 -3.6495278E-06
 -3.5537876E-06
 -7.6226308E-07
 -7.5003454E-06
  2.7541668E-05
 -4.6734781E-06
  4.8799700E-07
 -2.1201338E-06
  1.6019021E-06
 -1.0890594E-05
  2.4445108E-06
  1.0787661E-05
 -4.0895197E-06
 -1.6346868E-06
  0.0000000E+00
  0.0000000E+00
  7.9711353E-06
  7.5958860E-07
  2.1981793E-06
 -1.1147890E-05
  4.4388898E-07
  4.8396118E-06
  8.2091765E-06
  7.5576077E-06
 -8.3755103E-06
  1.2173291E-05
  0.0000000E+00
 -8.2352672E-06
 -1.0370734E-05
