 -3.3025419E-05
 -2.4474188E-05
  4.7944450E-05
 -8.5946641E-07
  6.5023041E-06
  1.3906609E-05
  6.1631049E-06
  2.9071789E-05
  1.4601112E-05
 -6.3887305E-06
 -1.1117292E-05
  1.1223901E-06
 -2.3341165E-05
 -6.2735171E-07
  8.9460946E-06
  4.9131554E-06
  4.4507442E-06
  9.9852048E-07
 -7.1542236E-05
 -2.1218975E-05
  1.0418608E-05
  1.6882308E-05
  5.7006105E-06
  1.4378547E-05
 -2.3777760E-05
 -3.0060778E-06
  1.7974797E-05
 -8.2674487E-06
 -6.1444836E-05
  2.7985755E-06
  2.2166152E-05
 -2.7109636E-06
  7.1240038E-06
 -1.1190118E-06
 -2.6457376E-06
  3.0005187E-06
  9.3367095E-07
 -6.6723277E-07
  3.5308865E-06
  1.3608801E-06
  9.3062727E-06
  4.7059575E-06
  3.8300946E-06
 -6.6975736E-06
 -4.3784507E-06
  5.1977022E-06
 -2.4067886E-05
  1.4545758E-06
  1.5682030E-05
 -7.6744402E-07
 -1.2223074E-05
 -1.2733042E-06
 -4.1892345E-06
  0.0000000E+00
  7.3411201E-07
  4.7829844E-06
  9.0024932E-06
  2.9627647E-06
  2.0563197E-05
 -2.3354609E-05
  0.0000000E+00
 -8.3259220E-06
  4.4492313E-06
  2.6649443E-06
  3.4234210E-05
 -1.9508220E-06
  2.8271718E-06
 -1.0708685E-05
  7.0553147E-06
 -5.7036400E-06
 -7.2754739E-07
  1.0839203E-06
 -3.3071224E-06
  6.6385752E-07
  5.0591643E-06
 -6.8413573E-07
  3.2288361E-07
 -2.2230148E-07
 -2.4369892E-06
  0.0000000E+00
 -4.9365275E-07
 -9.9457850E-08
  1.8233849E-06
 -7.0985419E-07
 -5.4973857E-06
  8.9511008E-07
 -8.0675063E-06
  0.0000000E+00
  5.5937367E-06
 -3.0730298E-06
  1.3594963E-06
 -1.6158101E-06
 -1.8631557E-07
 -1.4244619E-06
  3.5500630E-06
  2.1066378E-06
  0.0000000E+00
  0.0000000E+00
  0.0000000E+00
  0.0000000E+00
  0.0000000E+00
 -7.1125205E-06
  7.0573964E-07
  0.0000000E+00
 -3.5866245E-07
 -8.0686578E-07
  5.5563751E-06
  0.0000000E+00
  0.0000000E+00
  0.0000000E+00
  1.5889949E-05
  0.0000000E+00
  0.0000000E+00
  0.0000000E+00
  2.0786520E-07
  0.0000000E+00
 -2.7132674E-07
  0.0000000E+00
  0.0000000E+00
  0.0000000E+00
 -1.3055570E-06
  0.0000000E+00
  0.0000000E+00
  0.0000000E+00
  0.0000000E+00
  0.0000000E+00
  0.0000000E+00
 -1.6476987E-07
 -2.4907067E-08
 -1.8023121E-06
  1.7754649E-06
  6.9770471E-07
  0.0000000E+00
  0.0000000E+00
  0.0000000E+00
  0.0000000E+00
  0.0000000E+00
  0.0000000E+00
  0.0000000E+00
  1.2617044E-05
  4.2051729E-06
 -1.4168388E-06
  0.0000000E+00
  8.3083087E-06
  2.9086155E-05
 -4.7136787E-06
  3.7636382E-06
 -6.6036587E-06
 -1.7891316E-06
 -6.1716814E-06
  9.6821373E-07
 -3.5570101E-06
 -3.5638077E-06
 -1.6003055E-06
  0.0000000E+00
  0.0000000E+00
  1.4923836E-06
  0.0000000E+00
  0.0000000E+00
 -8.8215046E-07
  6.3046468E-07
 -5.2561376E-07
 -1.9293195E-06
  7.3764477E-07
  0.0000000E+00
 -5.3223283E-07
  0.0000000E+00
  0.0000000E+00
  0.0000000E+00
