 -0.3775366      0.5650414     -9.5655315E-02  0.3182457    
  0.5280908      3.3605773E-02 -0.5456980      3.6049452E-02
 -0.4506340      -1.345607      -1.297598     -6.9106229E-02
  0.2882732     -3.9333139E-02   1.002745      0.2488857    
 -0.3981802       3.117940      -3.007301      1.9956695E-02
  0.4704508      0.3222958     -0.1760273      0.3235631    
  -1.187421       1.290733      -1.335982      0.1243633    
   1.006485      0.4037951     -0.3261137      0.1115481    
 -0.2187362       1.237679      8.2551159E-02  3.5341688E-02
  -1.753005      0.8634245      -1.193284      0.2929186    
 -0.6987095     -8.5012481E-02 -0.6902829      7.1590310E-03
  0.1711711      0.9275142      8.0830604E-03  5.7360344E-02
  0.8229082       1.485440     -0.4931785      2.0614345E-02
  -2.203245       2.252446     -0.5831251      0.2736047    
   1.008261     -0.3638260       1.060655      0.1791963    
 -0.8536012      -1.818625       1.014921      1.8585974E-02
   1.228987      0.1170924      -1.113948      1.8678045E-02
  -1.958823      0.2587905      -1.022686      4.6729576E-03
  0.3505998      0.8502942     -0.1438371      1.6659647E-02
  -1.043756     -0.2726367      -3.873183     -0.1415217    
  -1.215191      2.9134978E-02 -0.5241125      0.1076577    
 -0.8166606       1.242509     -0.2053070     -0.1073802    
  -1.194978      0.1864814      3.7573520E-02  2.1083953E-02
  -1.115783       1.070771     -6.4346589E-02  0.1015285    
 -0.3132580      0.3851217     -0.7068738     -0.1479166    
  0.5807344      0.7523271      -1.548258     -0.1150721    
   2.241337     -0.5091643      -3.630657     -4.7042206E-02
  -1.570574      0.6378536      -2.941369     -0.1054868    
  0.1318476      8.9687079E-02 -0.5981542      0.2438756    
   2.300812     -0.5405068     -0.9829103      0.1104554    
 -0.1793706     -0.1942962      0.3420528      0.1057112    
 -0.6387129     -0.2654984     -0.2426618      0.1661706    
 -0.8057284      0.8105112      -1.445045      0.1790145    
 -0.1138929     -0.2924189     -8.4861010E-02  9.1829067E-03
  -1.899661       1.431129     -4.6349242E-02  0.2181066    
  -1.182984      0.3618264      0.7485114      0.3216161    
 -0.2081500      0.4560891      0.2309798      0.2485852    
  0.4019897     -0.4194960      -1.786056      0.1469246    
  -2.443866     -0.8352565      -1.927547     -0.1055432    
  0.4330456     -0.2450192      0.3546856      3.7911639E-03
  -1.361050       1.531649     -0.2007695      7.9803228E-02
 -0.6385285      0.3443716      0.1254232      5.4108165E-02
  -3.833813     -0.3232445      0.6412291      0.1434916    
   1.533248       5.838480      -1.435145     -0.7440078    
 -0.2815321     -0.5047566      0.3519786     -7.3956512E-03
  0.1339640      0.8233247       1.173383      8.9009620E-02
  0.7108210       1.877271       3.004594      0.2321799    
  0.7479219     -0.5845047     -0.4330294      0.2227502    
   2.862324      -1.312921      0.3154765      8.6507469E-02
   1.034856       1.224449     -0.3526196     -9.3454458E-02
   1.247356      0.4326660     -0.7444542     -0.2490901    
  2.5359329E-02  0.3036676     -0.4263932     -3.1577848E-02
  0.5670702       1.262591      -1.409355      3.2157049E-02
  -1.145015      2.4553757E-02  8.0013469E-02  5.3755600E-02
  -1.482393       2.553144      -1.528105     -1.2992215E-03
   3.084640       2.616187     -0.6464350      7.3004588E-02
  0.9439224      0.3717394     -0.4495249      7.5704671E-02
   1.891073      -1.579245      -3.702282     -8.2294129E-02
   2.167507     -0.8149341      -1.042618      3.8996339E-04
  -1.286146       4.227712      -3.928461     -5.8444474E-02
  -1.386690     -0.8494404     -0.6013952      0.2498996    
  -5.026160       1.170979      -4.501451      6.9663756E-02
   1.553279     -0.1816319     -0.2678486     -8.6322776E-04
   2.689465     -4.4715069E-02  -2.730969      7.4366547E-02
   1.923600      -1.842377      -4.180641     -4.4949248E-02
  -1.689005       1.733654       1.208097      0.3132768    
   2.002189       2.736572      -4.901437      0.2429540    
  -3.352646      8.6832181E-02  0.1728578     -7.6288313E-02
 -0.7371359     -0.1777232     -0.3110409      8.3857141E-02
  0.4331173       6.117993      -5.785736      2.0335233E-02
  -2.061153     -0.7584550      -1.601511     -0.1901280    
  -4.125351      -2.516826      0.3444842     -0.1498843    
  -2.595628     -0.9897336       1.053067      2.2351464E-02
   1.612386      -4.667940      -1.226396      0.2810448    
   1.158406      -11.07661       11.70581      0.6691880    
  0.2546898       2.554870      -8.266518      0.4049508    
   4.682979      0.4245636      -8.531304      0.1206289    
  0.5994250     -0.2233025     -0.6513060      3.5767067E-02
  -8.365179      -2.508242      -14.53657      0.8692291    
  -1.392975       4.614773      -15.69650     -0.2008562    
  -1.206125     -2.0863585E-02 -0.7248843      0.1127694    
  -2.667756       1.783075      -2.830055     -3.6847189E-02
  0.5118670       2.497873     -0.1599227     -0.1201278    
 -0.6588065       1.104328      0.2948267      0.1041114    
 -0.8017909       2.425057       1.162585      9.5105730E-02
  1.6069919E-02  0.3526355     -0.7083660      9.7250551E-02
 -0.6330656       1.032507       3.486753      0.4061927    
  -1.570303       2.625092      -1.327459      0.3208183    
  -3.791718       1.680173     -0.3039407      0.1260458    
 -8.5640170E-02 -0.5214818      8.7940954E-02  4.8410438E-04
  0.6561481      -1.429561      0.1544559      8.9670084E-02
 -0.9663526      -1.366670      -4.328766      0.1305594    
  0.9449016     -0.8542478      -2.538347      0.1068040    
  -1.829821      2.6617909E-02  0.2816485      3.4434680E-02
  0.8792615      0.3194792     -0.1221568      8.1741668E-02
 -0.4819770      0.6605601      0.2895002      3.2765612E-02
  3.7223403E-03   2.674570      0.1971579      8.2987063E-02
  -1.486206       1.686518     -0.7641872     -6.6594183E-02
  0.1852996     -0.1763430       1.702853      0.1817735    
  -1.955456      -2.882765      0.5557944     -1.2378368E-02
 -0.7732625     -0.4974302      0.4666722      0.1048829    
  -2.117712     -0.8283867     -0.1290625      0.2829282    
  0.7244754       3.078410     -0.1553914     -0.1308405    
   5.151711     -0.2662339      -3.561611     -6.2065180E-02
   1.216576       1.009037     -0.3257294      5.8989655E-02
   1.197215       1.231202     -0.1448475     -1.5884051E-02
   1.488354      0.8910190      0.3425180      9.9700838E-03
 -0.8055270      0.3321850      0.1311295     -2.2197831E-02
  -2.703791      0.6789222      0.6722280      0.2599612    
  -1.464401     -0.1667224      0.5690838      5.3014494E-02
  -1.390583       2.394483       1.200763      7.5190505E-03
 -0.2442876      9.4742631E-04  0.4134007      9.9338099E-02
  -1.811727      0.8657190     -0.7522851      0.5499840    
 -0.1175603     -0.8070601     -0.1466078      6.4056508E-02
   1.900514      0.2605006      -1.023926      0.2582309    
  0.6909766      -1.561881      -1.495234      2.0347487E-02
  -1.002250     -1.2194881E-02  -1.223215      0.1297328    
 -0.4854342      -1.011763      -2.284951      0.3963458    
  -3.156218       1.335436      -2.124670      0.2234732    
 -0.5499279       1.530719      0.7473073      1.9122604E-03
 -0.3645146      0.3490551      -1.169804      0.2048955    
  -4.964444       1.796974      0.9549484      0.1358076    
 -0.9695902       1.670187      0.7545582      2.3150677E-02
 -0.7872621       1.060145       1.165584      2.9901322E-02
   2.347933     -0.5475924      6.6262268E-02  7.0057742E-02
  0.2751778     -0.1177710      -2.622625      9.3352228E-02
 -0.6080210      0.8061858     -0.1248566      0.1263254    
 -0.8525623       1.981397      0.3003143     -9.7716585E-02
   2.102825      0.7068554      -1.577479      0.1109207    
  0.1338554     -8.2697131E-02  0.1588053      0.1580715    
   2.608741      -1.902799      -4.277479      0.3913570    
  -2.277308      -1.230361     -1.4796965E-02 -0.3706679    
  -1.351763       2.162023     -0.7371289     -0.1553504    
  -2.018694     -0.5887219      0.6035938      7.4434164E-03
   5.226444       1.224154      -1.464090      0.6179352    
  -1.790608      -4.300793      -1.564109      0.3742783    
  -1.248406      0.7155660      -1.990164      0.2542746    
  -1.531951       1.065820      -2.991441      0.1837018    
  -3.694823      -2.131963      -4.468383     -8.8558987E-02
  -3.310593      0.9865515      -2.554775      1.0013514E-02
  -1.295980      -1.224075     -0.8012572      0.1453453    
  -3.469973     -0.4211384       1.839715     -0.1722852    
  -2.230388      -2.043427     -5.9060496E-03  0.5414304    
   3.834950      0.3129660      -3.264738      9.2439763E-02
  -4.745748      -1.446031      -3.232186      0.3239945    
 -0.8203843      3.3502374E-03  -2.491220      0.2541719    
  -1.071112      -2.178681      -2.488913      0.2775621    
 -0.5480567     -0.6202015      0.6856065      0.1019191    
   1.577069       2.037290     -0.2026823     -0.1523062    
  -1.161657       1.714457      -1.267844     -3.3749320E-02
 -0.8057209      0.3242135      0.9109231      6.6532336E-02
  -1.434919       1.003595      -1.579236      4.0450539E-02
  -3.028258     -0.3873674       4.504403     -8.6806193E-02
 -0.2723199      -1.777832      -3.699455     -3.4037385E-02
   1.589940      0.9155449     -1.7116025E-02 -5.4551776E-02
  0.3510127      -1.340337     -0.6391622      6.6099994E-02
 -0.8553437      -2.906879      -2.111574      0.2769412    
  -1.490862      -1.572961      0.6865352      0.4748319    
 -0.9566274      0.8771856     -0.1435558      0.2700565    
  -1.097839      -2.446357       7.271990      0.8859119    
  0.4371449       1.069712      -5.437455      0.1497734    
   2.479834      -3.630209      -5.376101     -0.1739988    
  -30.17198      -18.40777       52.03920      -2.333014    
 -0.6711227      0.3738983       1.189566      4.4203665E-02
   13.11910       9.944057       7.125981      -2.069093    
   2.459515       1.380764     -0.5622048     -0.4067546    
  -9.355997      -6.860652       31.46301     -0.6173446    
   3.171735      -2.864104      -2.384212      0.8052684    
   1.821756      -1.341675      -1.119807      6.6373363E-02
  0.2454974      0.3720110     -6.4509645E-02  0.1091752    
   1.935802     -0.8023573     -0.4558274      4.9922995E-02
 -0.6758314       1.047352     -5.1483966E-02  5.5262625E-02
  3.7231319E-02   2.298311      0.3935324     -7.7075996E-02
 -0.4458416      -1.645492       1.788160      0.4272480    
 -0.8499180      0.7089431      -2.468344      0.1031769    
 -0.8723091       2.947797      0.2935231     -7.0663817E-02
 -0.2761978      -2.127473       3.585151      0.1640562    
 -0.6906356      0.9384391       1.819035      0.1037968    
  -2.015945       3.260360      0.9358642     -1.7985627E-02
   4.447480      -7.250476       4.837854      0.2548898    
  -4.929003      0.4296487      -7.772087      0.3329721    
 -0.3154495      0.4319776     -0.2249884     -2.7694810E-02
 -9.1915369E-02   1.564219     -0.7229734      0.1493153    
  -1.352591      -1.217668      0.3215235      6.4597979E-02
   1.476781     -0.8295604       3.169600      1.9731613E-02
  0.9984986       3.174373      -2.288084     -0.4091744    
  -4.407757       2.684879       1.356112      0.1900149    
   2.690962     -0.1700193      -11.96581     -0.2151371    
  -1.719015      -2.259685     -0.3436214      0.1263151    
   1.320623       1.425664      -2.522439      0.1400322    
  0.4172310      -4.534141       6.729755      0.2111548    
  -3.889583       3.633808       2.891796     -2.9415181E-02
 -0.5892483       1.612434       3.893973      0.2563320    
 -0.1698202     -0.3513893     -0.6966721     -8.6821958E-02
  0.5775065      -1.015479       1.354478      0.2205370    
   2.284316      0.2465177      -3.278553      0.1421490    
 -0.5700166      -1.622152       1.072085      0.1516585    
 -0.5770682       2.648087       2.845551     -8.2456619E-02
 -0.7141342      -1.477087      -5.095485      0.2455610    
  -3.913073       2.803335      0.3498394     -0.1101645    
  -4.580949      -6.848437       4.542189       1.048701    
  -3.547810      -2.053734      0.9183377      7.9415187E-02
   4.555425       1.196305      -1.794681      0.2949162    
  0.1911046      1.7482962E-02  0.2751601      0.1444397    
 -0.6044337     -0.1767861     -0.2394069      0.1750728    
 -0.5622166     -0.7334684      -1.785989      0.1453268    
 -0.2862546     -0.1922549       1.771917      0.1848181    
 -0.2056104      0.2427928      0.2851285      0.1540595    
  -1.163567       1.771222       3.498580      0.1743417    
  -5.723706       3.008377      0.5391268     -3.2748360E-02
  0.1572550      -1.725645      0.8339316      0.2105480    
  -1.785045       3.341871     -0.2338043      0.3620884    
  -3.731047      -2.444919     -0.9407837       1.057869    
 -0.6343248       7.171547       1.973750     -0.7564816    
   4.164322      0.4511492      -1.786182      0.6185002    
  -1.073892     -0.3533819     -0.6788306      0.5097558    
   1.641425       3.518785      -17.35183     -0.1773177    
  -1.019646       1.511547       1.244406      4.8970498E-02
   2.641879      2.6406657E-02 -0.9289932      0.4056605    
  0.4915276      0.8491184     -2.1573067E-02  0.1596609    
  0.9914721      5.0242253E-02 -0.5226496     -6.7883067E-02
 -0.6413620       2.241053      -1.059157     -0.2132088    
  -4.886547       3.324259      0.1558129     -0.1397570    
   2.229002       1.839692      -2.606903     -5.0872423E-02
   3.494827       1.234164       5.634426      0.1493731    
   2.607577      -1.017430     -0.6019845      0.4491925    
  0.5500088     -0.6281185      0.2859198      0.3811688    
  0.1924853     -0.5765927      0.4477714      0.1816542    
  0.3434618       1.054379       5.484378      9.0915650E-02
  0.4693592     -0.4522225      -1.985015     -0.2390430    
  0.3004082      9.4181515E-02   1.884266      0.4045778    
  -1.116052      0.4827256       1.286007      0.1625731    
  -1.102364      0.5832796     -0.1201352      0.1120210    
  -1.095820      -1.210640       1.946060      8.0343179E-02
 -0.8349569     -0.3853253       2.510028      5.9215665E-02
  -2.421766       1.044267     -0.2483849     -0.2008199    
  -6.863466      -1.410401      0.7549580      5.4269299E-02
   1.750525      -1.651228      0.1994798      0.3000042    
  0.4369387      -1.301905       2.560411      0.1442572    
 -0.2869978       1.046438      -3.589129      0.2008327    
 -0.3341170      -2.483651      0.8513060      0.1036656    
   4.424088      -1.586046       6.958890      8.0985650E-02
  -1.395043      7.9634488E-02   1.373685     -3.9841786E-02
  -4.660675       6.510959       7.167237     -5.3086229E-02
   1.087140       1.372969       2.275384      4.4718623E-02
 -8.8088140E-03   2.414876      -3.038413      0.1689983    
   3.652575      0.5806931      -1.513453      0.4425679    
   2.250834     -0.1410911      0.1155475      1.7093420E-02
  -3.129548       2.936661     -0.5222479     -0.3021658    
   2.941269      -1.505815       2.425414      0.6621417    
  -3.257358       2.785363      -1.316932     -0.3032491    
  -2.789752       1.667271       1.105885      8.1965402E-02
  0.3942373      -2.269545      0.2306342      0.3238175    
  -5.581956      -2.939545       1.004354     -1.3741618E-03
  -2.512429      0.3684534       4.656524     -4.5161564E-02
  -5.507809     -0.9888220      1.1594279E-02 -0.1039964    
   1.791974       1.818028       1.296659     -5.8939811E-02
  -5.960228     -0.4571956      0.3187921      0.3399094    
   1.306323      0.6594679     -0.2833234      0.1075135    
  0.3293178       6.292729       14.15377      3.2447189E-02
  7.4462116E-02  -1.037226      0.6060928     -1.3317853E-02
  0.1355806     -0.8081102      -2.282270      0.1006988    
   3.965480     -0.6930432      0.6223155     -5.0057014E-03
 -0.8612503      -1.887473       1.616498      3.8477466E-02
