 -8.8921309E-02  0.6971581     -0.3309660      0.5717566    
   1.632811      -1.178265     -0.8539491      0.2105004    
 -0.4379030      -1.534786     -0.6473341      2.9543083E-02
  0.9920144      0.7791111      0.1956374      0.3428308    
 -0.9199495       2.682027      -2.035588      0.4009977    
  0.8676043      0.8149863     -0.5317301      0.7251871    
  -2.211381       2.171124      -3.273993      0.5357083    
   2.835668       3.083588      0.3234938      0.1542633    
 -0.4667901       3.138937      0.7909187      5.6383889E-02
  -2.901469       1.965565      -1.298524      0.4734550    
 -0.8696011       1.006559       1.172295      3.8464308E-02
  0.1480782       2.410605      9.2971459E-02  0.2445842    
   1.888610       1.129790      0.6527334      0.2195459    
  -1.018635     -0.2287386       2.942984      0.2658808    
   1.195417      0.5466206       1.872320      0.1626301    
  -1.352577      -1.971334       1.187786      2.1572452E-02
   1.544104      0.4787670     -0.8195574      0.1519341    
 -0.4771193     -0.1094053     -0.9700018      7.1160249E-02
  0.3094938      0.5364552     -0.1165302      5.6757860E-02
  0.2304124     -0.9450003      -2.560030     -0.2643942    
  0.3468716      -1.050918      0.5942267      5.7418793E-02
  -1.214980      -9.884250      -2.295486      0.1470239    
 -0.8709424      -1.339087       2.086848      0.2193228    
  0.5002950       2.951233     -0.1806042      0.1358097    
  0.5865893      -1.154548     -0.3251890     -6.3265492E-03
  0.9018260      -9.700487      0.6652704      0.2675797    
   2.368600     -0.7706221      -4.185935      0.1402011    
  -2.544322     -0.5390784      -2.666056      1.2913115E-02
   1.468874      -1.246916      4.7506154E-02  0.3892730    
   5.309853      -1.748920      -9.277225     -2.2039767E-02
 -0.9044948       1.161738      -5.112320      5.5833213E-02
 -0.3824599       1.995798      -1.962882      0.2845845    
   3.464130       2.669308      -2.038085      0.2228279    
 -0.1108533      0.1493583      3.6722846E-02  0.1095312    
  -3.216282       1.016603      0.5417450      0.5370426    
  -3.449390      0.9698269      3.3789217E-02  0.3804180    
 -9.4837695E-02  0.5738752      0.6936433      0.1526717    
   1.256561       2.265196      -4.333025      6.5363377E-02
  -1.478886      -1.233864     -0.7994285     -2.2301255E-02
  0.4785193     -0.1595570      0.5124331      0.1030509    
  0.1267703       1.145320     -5.8816105E-02  0.2701343    
 -0.9743199       2.069173      0.4901165      0.1518830    
  -3.176145     -0.2056290       2.683949      0.2186180    
 -0.4109551       3.019001      0.7518070     -9.1944352E-02
   1.123416      0.4607584      0.2469815      0.1699667    
  0.6389509      0.1977302       1.185596      0.3177513    
   3.810544       4.247058       1.616579      0.2336579    
  0.4727768      0.1578894     -0.4168641      0.6227814    
   3.465361      -1.220582       1.248520      7.3222153E-02
 -5.5440471E-02   1.233769      5.5929195E-02  0.1942460    
   1.013282      0.2692840      0.1538684      7.9292566E-02
 -0.3926968      0.4539064      0.5648473      8.9571625E-02
  -2.929580       2.392282      -1.637027      0.1595257    
 -0.9531472      0.6658961       1.401096      6.1672904E-02
  -1.553285       3.057272      -1.032950      9.4813861E-02
  0.5410832       2.503342       1.118147      0.2501371    
 -0.6400079       2.977729      0.4247099      0.1503773    
   1.701030      -1.539253      -2.099071      0.1436757    
   2.737868      -1.094052     -0.2855737      8.5647017E-02
  -1.037323       4.511649      -3.429953      0.2390794    
  -4.439042       2.727156      -2.297963      0.4635713    
  -5.642820       1.161365      -4.730612     -0.1559988    
   5.462752      -4.775800       1.844154      0.2808529    
   10.29405      -15.50883      -13.07062      0.9674981    
  -5.841674      -13.30068       3.437822      0.2237799    
  -3.892935     -0.5397987       4.486654      0.4803005    
   2.621603     -6.1466265E-03  -4.719616      0.6800715    
  -9.729824      0.8776322       1.715881     -0.3927086    
 -0.1878128     -0.6614900     -0.5002718      0.3585178    
 -0.3900396       6.892766      -6.478935      0.3001186    
  -1.600533      -1.870052       2.848599      5.2135795E-02
  -3.937587      -4.389965      6.1854791E-02  5.1581502E-02
  -9.202898      -4.871016     -0.1125333      0.1790987    
  0.2740119      -5.783036     -0.7930139      0.3748107    
  0.2816452      -11.72614       9.236294       1.185434    
  0.7522228       2.002035      -7.260525      0.6195936    
   4.849577      -8.229006      -21.25717       1.012534    
   7.080771      -15.69199      -12.37078      0.6146884    
   4.058795      -6.744828       8.074754      0.2127831    
  -2.106495      -1.348119     -0.6499318      0.9243869    
  -5.025971       5.757533      -2.420454      0.2422822    
  0.3753633      8.8267624E-02  -19.56156       1.417803    
  -1.186648      -8.472928       1.544945      0.3193392    
  -3.193535       2.376866      0.1436449      0.2801869    
 -0.3906178       3.827466     -0.8338367      9.0019315E-02
  0.4448093      2.3437679E-02 -0.4874808      0.6217365    
 -0.5879897      -1.862706       3.723645      0.5507976    
 -0.2076992       2.829876      -1.702168      0.3502700    
  -3.025586      -1.797483       4.104599      0.5369579    
   1.332670      0.5717129      -2.159896      9.1372997E-02
 -0.2046172      -2.925304      0.6478356      0.1935623    
  0.9162810       1.192344      -7.914763     -0.3063595    
  -1.503182       2.844588      -2.591741     -0.2023116    
 -0.6076307      -1.485239      0.6244735      0.1049361    
   4.902082     -0.4405199     -7.5562447E-02  0.2708470    
  0.1552283      0.4739271       1.439281      0.1335414    
   1.893790       3.691952      -2.252228     -0.1141351    
  -2.534312       2.047315      0.6795299      0.2496543    
   3.390172      -10.00476      -3.080745      0.3904084    
  -3.121470      -6.079741       1.960380      0.1683840    
  -1.580814     -0.6713232      0.8642803      0.3241140    
  -2.072850      0.1327789       1.152407      0.4028076    
  0.1041812       4.052829     -0.1631406     -1.1069491E-02
   7.806949     -0.2685911      -6.590687      0.1481956    
  -1.233708      -2.394077      -1.452470     -2.0047225E-02
   2.282065      -1.626916       1.076000      0.1985387    
  0.2029630       3.964845      0.2852423     -4.7963206E-02
   3.445828     -2.4233812E-02  -1.817712      0.1487692    
 -0.1181301       2.448440      -1.259559      0.1413214    
 -0.6436814     -0.7928909     -0.3746674     -1.4667148E-02
  0.1663981       1.946039       1.925977      0.2001926    
   3.477758       2.153798      -1.397108      0.2382233    
 -0.9881282      0.9826571     -0.5519269      0.5432615    
 -0.2473406     -0.7285163      0.1825220      5.4205842E-02
   2.014481       3.722762      -3.582539      0.5947797    
   2.308931      -2.628316      -1.471380      0.3271899    
  -3.946693       3.387629      -1.481978      0.4184198    
  -1.445194      9.4311833E-02  -4.823770      0.7559323    
  -1.337398       1.480470      -3.893139      0.2091781    
   1.758639       1.884105       1.246944      0.1125803    
 -0.8966769       1.685405     -0.6529465      0.3947173    
 -0.6431234      0.8185991       2.390172      0.3182476    
  -2.290573      0.9337498       1.457011      0.3310088    
  0.6096799       4.595373     -9.5788509E-02 -9.0368569E-02
   3.979174     -0.3763347     -1.4678976E-02  0.2837620    
  0.8456275       3.989258      -1.666179     -9.1598034E-02
 -0.8312362       7.136147       2.202638     -0.2585390    
   4.647745       1.641898      3.6322597E-02  0.1425593    
   4.723742       1.329340      -2.331635      0.1680441    
 -0.2472834     -0.7399270      0.2647147      0.5927001    
   4.923501      -9.775291      -5.438150      0.7953959    
   3.152794      -25.54428      -1.607371      2.0371733E-02
 -0.5219061       1.740268     -7.2586246E-02  3.7182648E-02
  -1.968421      -1.856935       1.207519     -8.7527484E-02
 -2.3547955E-02   1.175346       3.595358      0.4918277    
  -7.805123      -5.169305      4.0620785E-02 -0.1412619    
  -1.147626      8.3828092E-02  -1.385462      0.4831783    
  -2.407041       5.550840      -3.670270      0.2276248    
  -6.123347      -2.283093      -9.328361     -6.9977954E-02
  -3.995786       2.389310      -1.037642      0.1554129    
  -3.183016     -0.3088798     -0.4362098      0.3266756    
  -2.930796      0.2512361      0.8494656      0.4745529    
   20.03647       8.399348       2.246012      -2.658169    
   4.566739      -8.316925      -6.796679      0.4193640    
  -5.459109     -0.8970377       1.659214      0.4122981    
 -1.1792240E-02   1.874608      -3.534720      0.5282196    
  -4.252985      -2.732979      -2.566700      0.6692005    
   1.007424      -1.354132       1.465052      0.2962531    
   2.315118     -5.3803258E-02  0.3519751      4.2962208E-02
 -0.1289109       4.400750      -3.488609      9.1219656E-02
  -2.653902       1.318511       1.117480      0.1476793    
  -3.117289      0.8294427      -1.580548      0.3690830    
  -7.516769      -5.098735       9.764273      0.1254850    
   4.205749      -3.768075      -2.890396      0.8329305    
   3.238876       1.735927      -3.579623      8.8380679E-02
   1.217792      -3.908367       1.248693      0.4521852    
  -7.918293      -2.649168      -4.354013      0.3809356    
  -2.551072      -2.198611       1.159447      0.7076812    
  -5.211646       6.787846     -0.1413364      0.5435138    
  -1.331206      -2.369299       1.684028       1.559717    
   1.045256       2.922438      -4.113747      0.5236714    
   1.751553      -5.739563      -4.916756     -4.8841596E-02
   2.959052      -14.99973      -1.945044       1.378320    
   2.208453      -2.717196       2.728885      0.4114828    
   6.304910       15.56042       2.474431      -1.306427    
   2.419905     -0.6137270       1.101895      5.4362904E-02
  -10.64171      -33.16616       40.86341      -1.779178    
   8.552188       1.682675      -1.063625      0.5731732    
   8.036474      -2.459190      -4.919070      0.3697035    
 -0.6881855      -3.695129      -2.721184      0.8705420    
   2.442878      -1.645525      0.7373348     -0.1160605    
  -22.81627       9.109224       3.197114      -2.131521    
  -1.699938       3.668650      0.2664600      0.2124531    
 -7.5411657E-03 -0.7374766     -0.3379473      0.5107000    
   1.457252       5.200768      -5.476477      3.2860439E-02
  0.7638465       6.399717      0.5175366     -0.2011506    
   2.634621      -3.090876       4.508152      0.4799029    
   2.091901      0.2411305       1.392102      0.3258595    
  -9.511245      -4.485354      -4.534256      0.7947462    
   8.056100      -18.64761      0.6218329      0.5144108    
 -0.1150974     -0.5062122      0.8517372      0.5609782    
  0.3593066      -1.267517     -0.2175010      0.2874703    
  0.2623481       1.849906      -4.621724      0.1790935    
 -4.0093847E-02  -4.387877      0.5808969      0.6824287    
 -0.1584216       1.347241       7.570811      0.1076845    
   3.035308       5.987572      -3.816677     -0.5016302    
  -6.994812       2.257603       1.289055      0.4874951    
  0.2646648      -5.774907      -8.591135     -0.2052124    
  0.1445213      -5.411599      -3.375133      0.3159314    
   4.246490      -1.476460      -8.726604      0.8042650    
   9.760216      -12.52863       9.914734     -0.2845159    
  -6.279569      -4.565473      -6.998406      0.1463213    
   8.224238      -13.52564      -6.819276      0.5828899    
  -1.037869     -9.1016255E-02  0.3794837     -5.1417608E-02
   2.042289     -0.2918382       4.819170      0.6304288    
  0.7057812       4.647466      -7.686066      0.2298990    
 -0.4225912      -1.159735       1.362938      0.4300236    
  -2.225281       1.873812       3.689659      0.1383629    
  -1.554730      -5.313045      -3.226026      0.6725934    
 -0.3888417       3.478312      -1.071575      2.7108109E-02
  -7.262746      -1.429673       6.569250      0.6542976    
  -5.196224      -5.761144       6.245935      0.1530728    
   12.84362       3.027248     -0.5064707      0.3067426    
  0.7542877      0.6423826       1.817179      0.4366066    
  0.1649804       2.016121      -3.084263      0.1058468    
 -0.2484392       5.460869     -0.3891278     -0.2912593    
 -0.8230697      0.5207483       1.337048      0.2876573    
   1.078073       1.165956     -0.8444391      0.2459568    
   2.650808     -0.2797286       1.716818      0.1531605    
  0.7318923       3.224911       4.067384      0.5088222    
  0.2002658      -1.800976       1.401455      0.2705063    
  -3.135272       2.058444      -1.673890      0.7843944    
  0.9307396      -11.16234      -3.058681      0.4552005    
 -0.6184662       14.04626       5.741374      -1.409658    
   7.411191       2.789505      -3.025380       1.160352    
 -0.5987048      -3.507577     -0.6236606      0.7790791    
 -2.9299129E-02  -3.424949       4.282094      0.9639544    
   3.535357      0.5579477       1.820252      0.2846639    
   2.955175       4.409346      -1.230839      0.1154651    
   1.305804      0.6789268      9.9624053E-02  0.5367894    
   1.822113       1.306556      0.3043160     -2.2915773E-02
   1.317072       4.310748      -2.296001     -0.4052654    
  -4.846818       3.542870      0.7874396     -2.6813662E-02
  1.3287680E-02  2.8061476E-02  -1.325931      0.4886624    
  0.2761558       5.711375       8.367420     -4.3594651E-02
   7.247121       3.217360      0.4508806      0.5984712    
 -0.2168589      0.3715543       1.028581      3.6051821E-02
  0.1486555      -1.588030       1.092158      0.4015263    
   1.627405      0.2872747       12.45991      0.2628054    
   2.037358       1.143057      0.8724452     -0.1045311    
   2.463370      -1.344554       2.897520      0.3744762    
  -4.062999       1.389108     -0.1035993      0.3681103    
   3.312913      0.2211201      0.5575379      0.1970208    
  -1.162824      -2.387781       6.621692      0.1756426    
   3.997377      0.1851476       3.206482      0.2016920    
   3.564135      -10.81534      -10.39567      0.5281036    
  -2.642134       1.072126      0.8471338      0.1750195    
   3.669776      -4.539939     -0.2174280      0.6491801    
   3.516928      -1.987909       3.068267      6.5011591E-02
  -5.079977       5.322062     -0.4441470     -0.4905338    
  -2.887789      -2.043040       1.195427      7.7160791E-02
  -6.750769      -8.842493       10.01700       1.519897    
   5.473037      -4.579661       5.571699       1.215193    
  -6.448290      0.6933763       2.302319      0.6366850    
   3.913751     -0.7691547       3.200442      0.3305936    
   1.807030       3.539498      -3.569485      0.4011373    
   3.483791      -3.832245      -1.253953      0.7878470    
  0.6617852      0.1848616     -0.3104336      0.2651655    
   10.14774      -4.726452       3.521815      0.8258035    
   1.153711      -11.94458      -1.279109      0.1387670    
   8.641420      -8.856050       2.556622      0.8616641    
   6.360907      -5.994023       1.512485      0.8094735    
  0.5507503      -6.625263     -0.2027843      0.8415380    
  -10.86088      -4.565781       2.329900     -0.1162659    
   3.457072      0.5027235       4.803535     -0.3084985    
  -7.626176      -5.244731     -0.5583127      0.1859583    
   2.530711      -3.230672      0.4651863      0.4545210    
  -4.028658       1.478068       2.225074      0.2129779    
   2.883099      0.2492710       2.784959      0.3697293    
  -1.585571       4.770351       14.26407      9.5166899E-02
 -0.6269138      -1.289961      0.8133391      0.2369389    
 -0.2578685       2.490389      -5.828621      0.1848595    
   9.341529      0.4726250      0.8181084     -5.5603795E-02
  -5.739417      -3.349359       7.147331     -8.0664139E-03
