 -0.2252443      0.6813329     -0.3976678      0.5629982    
   1.771463      -1.247556     -0.7496780      0.2306756    
 -0.3249696      -1.574010     -0.5466211      3.8907610E-02
  0.6558496      0.8873217      0.2223746      0.3608380    
 -0.9703636       2.744020      -2.110496      0.3759742    
  0.7895821      0.7974693     -0.5305474      0.7448522    
  -2.119280       2.010478      -3.172500      0.5677527    
   2.633467       3.150520      0.3802382      0.1370467    
 -0.7895716       2.716798      0.8919469      0.1225866    
  -2.737788       1.977934      -1.282004      0.4459180    
 -0.9681690       1.049756       1.162307      5.2231755E-02
  0.2920823       2.433977      9.6541479E-02  0.2352607    
   1.866616       1.075894      0.7396022      0.2205293    
  -1.168074     -0.1960844       3.141017      0.3078646    
   1.201738      0.4686387       1.900474      0.1601906    
  -1.396831      -1.785158       1.071080      1.5502028E-02
   1.580411      0.5437219     -0.7764076      0.1559333    
 -0.4811680     -0.1167518     -0.9569156      7.4299887E-02
  0.3341837      0.5788352     -0.1536690      5.0547797E-02
  0.1584211     -0.8540350      -2.361676     -0.2460392    
  0.3022637      -1.023069      0.5380772      5.8926299E-02
  -1.200974      -9.562988      -2.126440      0.1494122    
  -1.030784      -1.423519       2.013229      0.2207879    
  0.4036607       2.939542     -0.3594368      0.1420959    
  0.6866385      -1.055200     -0.2733600     -1.7625082E-02
  0.9190523      -9.429957      0.6579840      0.2688637    
   2.476986     -0.8348148      -3.917070      0.1716370    
  -2.766049     -0.3871051      -2.184283      6.7653365E-02
   1.535155      -1.187870      5.4143086E-02  0.3813882    
   5.446108      -1.753385      -8.915559     -5.5454508E-03
 -0.9227242       1.220090      -5.076217      6.2796347E-02
 -0.4039861       2.043274      -1.884098      0.3022977    
   3.482802       2.691699      -2.054333      0.2252559    
 -0.1019890      0.2057125      3.7967913E-02  0.1301662    
  -3.301391      0.9865117      0.6543720      0.5503870    
  -3.513125      0.8506182      1.1439340E-02  0.4270123    
 -7.0818430E-03  0.4853567      0.6256611      0.2474580    
   1.233776       2.303589      -4.244009      7.6001868E-02
  -1.641250      -1.154482     -0.9173568     -2.1928538E-02
  0.4748336     -0.1618618      0.5360692      8.8124707E-02
  8.1135564E-02   1.097324     -3.3631269E-02  0.2915043    
  -1.031070       2.031054      0.5774990      0.1469676    
  -3.376344     -0.1425511       2.705972      0.2401148    
 -0.6070356       2.885301      0.5214376     -3.3711266E-02
   1.505926       1.134480      0.3150628      0.2208731    
  0.5861449      6.8169430E-02   1.197830      0.3426674    
   2.472478       3.664534       2.190153      0.1498753    
  0.4997507      0.1741884     -0.4479317      0.6150486    
   3.254826      -1.245751       1.255583      9.4378375E-02
 -0.1967694       1.271632      9.6024275E-02  0.1714282    
  0.9556416      0.2950074      0.1888057      2.5095649E-02
 -0.4975462      0.4123752      0.6388339      0.1079184    
  -2.870413       2.321379      -1.563332      0.1845135    
  -1.126939      0.5428802       1.578777      0.1295215    
  -1.709940       3.127968      -1.105766      0.1131300    
  0.6791633       2.360036       1.093960      0.2843072    
 -0.7961432       2.930136      0.5232566      0.1604733    
   1.736583      -1.423929      -1.951457      0.1576625    
   2.737758      -1.208729     -0.1461863      9.5139563E-02
  -1.070776       4.389008      -3.629827      0.2603192    
  -4.209960       2.653596      -2.307974      0.4568451    
  -5.592016       1.167175      -4.457120     -0.1514886    
   5.303298      -4.705059       1.813455      0.2918887    
   10.30412      -15.30642      -12.61582      0.9879439    
  -5.870203      -13.03783       3.650912      0.2409679    
  -3.809637     -0.6580560       4.584200      0.4763404    
   2.350486      3.5479501E-02  -4.895740      0.6597610    
  -9.497739      0.5892724       1.798027     -0.3701555    
 -1.0954849E-02 -0.7949411     -0.4749987      0.4076668    
 -0.3378178       6.820230      -6.698384      0.3237137    
  -1.752314      -1.644287       2.625215      4.5125693E-02
  -3.569064      -4.804100     -0.2934976      0.1201101    
  -6.521420      -3.694820      0.4985118     -3.1247310E-02
  7.8271419E-02  -6.757367     -0.8379719      0.4385372    
  0.2931573      -11.26529       9.381343       1.131043    
  0.7960194       2.007248      -7.412474      0.6068002    
   5.384740      -8.262189      -21.08191       1.077412    
   7.017609      -15.56853      -12.11429      0.6467838    
   4.036578      -6.936086       7.795426      0.2631960    
  -1.791358      -1.528866     -0.4250684      0.8986349    
  -5.216808       6.165520      -2.114226      0.2957775    
  0.3142830     -3.3887126E-03  -19.45914       1.417877    
  -1.148247      -8.587690       1.932019      0.3770895    
  -3.105885       2.314441      0.3009322      0.2742462    
 -0.5794990       3.721262     -0.9064177      0.1191635    
  0.8309212     -0.2791315     -0.4479128      0.6938592    
 -0.6526188      -1.768104       3.705135      0.5710896    
 -3.1363696E-02   2.464768      -1.629845      0.4208210    
  -3.109348      -1.646598       3.926347      0.5200988    
   1.472010      0.4933447      -1.985564      0.1147488    
 -3.2095838E-02  -3.059273      0.6460240      0.2037191    
  0.9219021       1.146009      -7.820716     -0.2939136    
  -1.404950       2.683434      -2.671133     -0.1908487    
 -0.6776924      -1.457763      0.8043801      0.1189729    
   4.846057     -0.4012095     -7.3814273E-02  0.2701535    
  0.2030993      0.2555197       1.631549      0.1510040    
   1.772955       3.478159      -2.224663     -0.1169553    
  -2.432893       1.975649      0.3024930      0.2955158    
   3.565901      -10.02000      -2.925205      0.4459425    
  -2.685849      -5.972186       2.111560      0.2025749    
  -1.302997     -0.9631891      0.9702402      0.3250906    
  -2.094125      0.2377213       1.169587      0.3963758    
  3.4089744E-02   4.055173     -0.2435780     -3.7646955E-03
   7.879934     -0.2420738      -6.510293      0.1534295    
 -0.8678725      -2.636721      -1.452729     -6.8085358E-02
   2.255968      -1.704109       1.062882      0.1919961    
  0.3285513       3.840468      0.2771721     -3.9264031E-02
   3.445711     -0.1816305      -1.786713      0.1564230    
 -0.1332719       2.493115      -1.226875      0.1394049    
 -0.6876143     -0.9201345     -0.3271941     -1.7358903E-02
  0.1843705       1.815579       1.830958      0.1922183    
   3.474567       2.279130      -1.375007      0.2122040    
  -1.014498      0.9597975     -0.5653915      0.5577707    
 -0.2380913     -0.7239755      0.1683185      4.3733533E-02
   2.082128       3.540437      -3.646046      0.6159630    
   2.365101      -2.570842      -1.367369      0.3326934    
  -3.692393       3.395980      -1.511573      0.4009072    
  -1.481732      1.7274383E-02  -5.057430      0.7828847    
  -1.156741       1.472743      -3.973583      0.1921646    
   1.668599       1.864548       1.179819      0.1321854    
  -1.002787       1.548940     -0.8594085      0.4124580    
 -0.8172453      0.7862269       2.348294      0.3311982    
  -2.382174      0.7972165       1.483214      0.3702867    
  0.7956188       4.578729     -9.0078793E-02 -4.8264112E-02
   3.904891     -0.4724358     -8.8770092E-03  0.3114966    
  0.8898748       3.996277      -2.021103     -0.1200250    
 -0.7537413       7.145946       1.948123     -0.2882861    
   4.449237       1.793530      0.2604394      0.1244889    
   4.595677       1.362750      -2.253629      0.1639104    
 -8.9949444E-02 -0.9143499      0.1947511      0.6124359    
   4.944242      -9.978122      -5.461436      0.8425701    
   2.690100      -25.46639      -1.724812     -3.5024993E-02
 -0.6465317       1.834918     -0.1000645      4.5375496E-02
  -2.223392      -1.037149      0.8903622     -0.1036339    
 -0.2420173       1.116166       3.326352      0.4870495    
  -7.364644      -5.709856      6.4151555E-02 -8.6658597E-02
  -1.069546     -2.8306466E-02  -1.333320      0.4814919    
  -2.328062       5.449724      -3.619660      0.2274221    
  -5.903864      -2.422655      -9.287290     -8.9930966E-02
  -4.015110       2.254423      -1.113322      0.1866514    
  -3.147656     -0.3332766     -0.5839141      0.3335685    
  -2.806808      7.3449627E-02  0.8267087      0.5113294    
   20.64179       8.798484       2.296025      -2.713208    
   4.623294      -8.330410      -6.477252      0.4584716    
  -5.559881     -0.8084115       1.374877      0.4073745    
 -0.2602461       1.801580      -3.597953      0.5278947    
  -5.229566      -3.009268      -2.507452      0.7874302    
   1.135300      -1.518617       1.492522      0.3188179    
   2.392153     -0.2274382      0.3398913      6.0729869E-02
 -6.5184727E-02   4.339818      -3.447635      9.2462339E-02
  -2.486843       1.332775       1.140702      0.1031338    
  -3.090437      0.8208185      -1.750471      0.3759766    
  -7.599769      -5.236942       9.817854      0.1198898    
   5.920258      -4.659269      -2.301615       1.082392    
   2.968120       1.369186      -3.485414      0.1375140    
   1.167020      -4.121425       1.357145      0.4575553    
  -7.991085      -2.967106      -4.333422      0.3937289    
  -2.658283      -2.174928       1.160967      0.7394370    
  -5.221643       6.687493     -0.1454764      0.5542647    
  -1.501391      -2.322478       1.437675       1.558862    
  0.8489073       2.865769      -4.260310      0.5021531    
   1.757966      -5.752823      -4.771933     -1.4597215E-02
   3.849958      -14.34715     -0.8583206       1.117079    
   1.860197      -1.573786       2.845576      0.2821108    
   12.41455       23.27946       3.751844      -2.847801    
   2.666118     -0.7932360       1.096826      3.2758173E-02
  -10.84816      -33.15531       40.32405      -1.706326    
   8.410942       1.791928     -0.9883537      0.5434257    
   7.947930      -2.365638      -4.893862      0.3563651    
 -0.4851074      -3.794139      -2.808722      0.8563122    
   2.442616      -1.735833      0.7284880     -7.5187966E-02
  -35.03960       13.76969       4.087010      -3.938098    
  -2.024131       3.332129      0.2366246      0.2713232    
 -1.5177717E-02 -0.7179615     -0.3275583      0.5012701    
   1.533659       5.121699      -5.350590      3.7277929E-02
  0.7430251       6.245475      0.5109763     -0.1840348    
   2.291683      -3.079224       4.532616      0.4931891    
   2.013648      5.9387900E-02   1.399511      0.3320667    
  -9.618667      -4.542253      -4.627456      0.7359797    
   7.794147      -18.66251      0.4692555      0.5276910    
 -0.4378789     -0.4076055      0.6265664      0.5422550    
  0.3281388      -1.379063     -0.1954942      0.2958694    
  8.6060822E-02   1.780127      -4.613615      0.1974917    
   1.355801      -5.121295      0.4957536      0.8946998    
  0.2256425       1.435076       6.716028      0.1176332    
   2.984496       5.976575      -3.853388     -0.5228088    
  -7.269247       2.128003       1.404232      0.5146217    
   1.260208      -6.053073      -7.756254     -4.9330637E-02
  0.1848250      -5.382273      -3.197192      0.3347532    
   4.495495      -1.611208      -8.835546      0.7899568    
   9.699989      -11.48856       9.078164     -0.2867414    
  -6.323845      -4.642055      -7.075970      0.1530589    
   8.411335      -13.23795      -6.571285      0.6120750    
  -1.138334     -7.0015699E-02  0.4168447     -5.3832963E-02
   1.746186     -0.2145061       4.583067      0.5959832    
  0.8540235       4.498051      -7.731716      0.2428539    
 -0.3034824      -1.372733       1.133817      0.4799167    
  -2.543785       1.829709       3.783713      0.1810746    
  -1.372804      -5.526237      -3.222881      0.6633728    
 -0.4836843       3.466599     -0.9784914      4.6492252E-02
  -6.473990      -1.307166       6.496415      0.6774570    
  -5.022816      -5.788637       6.147207      0.1615219    
   12.65462       3.074061     -0.4629865      0.3040784    
  0.9582986      0.4231073       1.807862      0.4629527    
  0.1398180       2.066465      -2.974871      0.1185238    
 -0.2739724       5.537756     -0.3902970     -0.2928751    
 -0.6088063      0.6020307       1.542905      0.2765888    
   1.029224       1.169544     -0.8299022      0.2340671    
   2.371198     -0.3081193       1.768185      0.2145916    
  0.6518659       2.940190       4.035411      0.5175787    
  9.5003946E-03  -1.887322       1.388615      0.2574241    
  -3.072737       2.345354      -1.574190      0.7707080    
   1.311372      -11.25506      -3.013299      0.3853263    
 -0.7266240       13.64206       5.538980      -1.384760    
   7.452321       2.679577      -3.080144       1.178918    
 -0.4422581      -2.917596     -0.5480382      0.7743995    
 -0.2064708      -3.305002       4.288225      0.9727293    
   3.401460      0.4813260       1.820180      0.3207698    
   2.961919       4.075542      -1.208441      0.1434471    
   1.705218      0.2464136      7.0386276E-02  0.5624174    
   1.849057       1.253308      0.3668523     -1.2242412E-02
   1.288842       4.143234      -2.406437     -0.3805741    
  -4.895721       3.322991      0.9087063      1.1462469E-02
  0.1255133      3.2409295E-02  -1.272752      0.4766951    
  0.2385299       6.165714       8.280853     -3.9033961E-02
   7.204343       2.994510      0.3971320      0.6104912    
 -7.7675477E-02  0.3114060       1.028442      5.4590832E-02
  0.9943528      -2.407445       1.323939      0.5820242    
   1.534607      0.3515704       12.14656      0.2425469    
   1.981354       1.300481      0.9293726     -9.5906489E-02
   2.471304      -1.427704       2.841216      0.3853574    
  -4.196630       1.104391     -5.1053446E-03  0.3961113    
   3.309220      0.2569528      0.5198951      0.1846998    
 -0.1515295      -2.720337       7.136744      0.3787096    
   3.722654      0.4822952       3.334843      0.1678206    
   3.627393      -10.95087      -10.66569      0.6144910    
  -2.753195       1.123426      0.8557287      0.1609077    
   3.400993      -4.266855     -9.8426901E-02  0.6219936    
   3.915296      -1.698624       2.651477      0.2526745    
  -4.881457       5.328474     -0.4371744     -0.4654184    
  -3.016328      -1.914179       1.182459      6.7141116E-02
  -7.554638      -9.005540       10.18153       1.588780    
  0.9486232      -2.616557       4.205872      0.5708622    
  -6.948561      0.1891089       2.482255      0.7190030    
   3.818375     -0.9143721       3.288667      0.3545792    
   1.916295       3.454498      -3.686888      0.4039180    
   4.679967      -3.975512     -0.8153054      0.9873409    
  0.4739221      2.5758456E-02 -0.2792927      0.2834740    
   10.11531      -4.808367       3.580057      0.8387867    
   1.148184      -11.81148      -1.096334      0.1857304    
   8.571865      -8.826200       2.605113      0.8926818    
   6.343975      -6.001688       1.634346      0.8270025    
  0.5479203      -6.459263     -0.1576982      0.8677024    
  -8.003935      -4.931057      0.4453062      0.3670745    
   3.388435     -0.2465435       4.578235     -0.1501164    
  -7.671669      -5.261751     -0.3681971      0.2012152    
   2.798937      -3.724551     -1.4279298E-02  0.5506004    
  -3.998932       1.588924       2.218266      0.2133709    
   2.118766     -0.3986096       2.621260      0.3069086    
  -1.586582       4.849209       14.39729      0.1278616    
 -0.4914086      -1.446408      0.9036065      0.2521511    
 -0.1572703       2.492158      -5.757652      0.1818472    
   9.070293      0.5103932      0.8270181     -3.1377941E-02
  -3.988974      -3.816321       8.081213      0.2204956    
