   5.59980249       4.70823002      0.902402282              12
           1           3  -1.32855773E-02
           1           4  -9.65207815E-03
           1           5  -3.81382704E-02
           1           6   3.33142281E-03
           1           1   1.14538074E-02
           1           2   4.44986224E-02
           1           7   1.79213285E-03
           2           5  -5.70902824E-02
           2           6   9.17913914E-02
           2           1   8.30453634E-02
           2           2 -0.200326443    
           2           7 -0.121817708    
   6.13500404       5.05404568      0.777334630              12
           1           3  -1.32074952E-03
           1           4  -1.44346952E-02
           1           5  -5.90264797E-03
           1           6   2.25971937E-02
           1           1   7.34913349E-03
           1           2  -8.83746147E-03
           1           7   5.49256802E-04
           2           4  -1.17940903E-02
           2           5  -3.41202021E-02
           2           6   4.18974161E-02
           2           1   3.25433016E-02
           2           7 -0.132099390    
   9.38842010       3.81683207       1.61041737              11
           1           3  -5.19326925E-02
           1           4   1.68690085E-02
           1           6  -1.97100639E-03
           1           1   3.79562378E-02
           1           2   4.66127992E-02
           1           7   6.80130720E-03
           2           4   5.29645681E-02
           2           5  -5.43357134E-02
           2           6   2.17766762E-02
           2           1  0.144072294    
           2           2 -0.241285682    
   5.39500618       4.87050962       1.54520977              12
           1           3  -1.75791979E-02
           1           4   2.25319862E-02
           1           5   2.50284672E-02
           1           6   3.38651538E-02
           1           1  -7.51972198E-04
           1           2  -1.28287077E-02
           1           7  -5.02657890E-02
           2           3   6.28050566E-02
           2           4  -6.61693811E-02
           2           5  -2.19957829E-02
           2           1   7.24157095E-02
           2           7  -6.40344620E-02
   6.41386366       4.37426233      0.479948938              11
           1           3  -7.22342730E-03
           1           4  -6.32495284E-02
           1           5  -1.24728680E-03
           1           6  -1.40204430E-02
           1           1   2.72442102E-02
           1           2   5.84964156E-02
           2           4  -1.85132027E-03
           2           5  -6.91376925E-02
           2           6  -1.15339756E-02
           2           1   8.62698555E-02
           2           2  -4.12433147E-02
   6.62018251       4.50500822      0.356948048              11
           1           3  -1.58067346E-02
           1           4   3.76820564E-03
           1           5   3.63588333E-04
           1           6   6.12270832E-03
           1           1   1.21446252E-02
           1           2  -6.59242272E-03
           2           3   2.24872828E-02
           2           4  -8.47578049E-05
           2           5  -3.44455242E-02
           2           6   1.60932541E-05
           2           1   1.49242878E-02
   6.33835983       4.91797447      0.662656426              12
           1           3   2.29747295E-02
           1           4  -2.16237903E-02
           1           5   1.87015533E-03
           1           6  -3.88956070E-03
           1           1  -4.68790531E-04
           1           2   3.47793102E-04
           1           7   7.89284706E-04
           2           4 -0.120297313    
           2           5  -1.10259056E-02
           2           6  0.131024599    
           2           1  0.113184333    
           2           7 -0.143570781    
   6.72653484       4.60926485      0.291257769              11
           1           3   2.97510624E-03
           1           4   4.82821465E-03
           1           5  -2.27001905E-02
           1           6  -1.89511776E-02
           1           1   3.37580442E-02
           1           2   8.99136066E-05
           2           3   3.09237242E-02
           2           4  -2.14188099E-02
           2           5  -2.37894058E-02
           2           6  -8.12649727E-03
           2           1   3.38466167E-02
   8.89267349       4.64547539       1.62037086              12
           1           3   7.81011581E-03
           1           4   1.22741163E-02
           1           5  -1.15053356E-02
           1           6  -1.45373642E-02
           1           1  -4.71079350E-03
           1           2  -1.03893876E-02
           1           7   2.10586190E-02
           2           4   1.62669420E-02
           2           5  -6.73106313E-02
           2           6  -5.43618202E-03
           2           1  0.105415106    
           2           2 -0.112511635    
   5.52444601       3.74570775       1.44893706              11
           1           3  -3.60665321E-02
           1           4  -2.08746195E-02
           1           5   2.85832882E-02
           1           6   3.26972604E-02
           1           1  -4.94074821E-03
           1           2   6.01261854E-04
           2           3   1.06688738E-02
           2           4   1.99532509E-02
           2           5  -6.84765577E-02
           2           6   4.75178957E-02
           2           1  -1.17249489E-02
   8.86530685       4.47923470       1.57851815              11
           1           3   4.36790586E-02
           1           4   1.12874210E-02
           1           5  -1.56673789E-03
           1           6  -3.56528461E-02
           1           1   2.71157622E-02
           1           7   3.32043767E-02
           2           4  -6.17754459E-03
           2           5  -5.00543118E-02
           2           6   2.12983489E-02
           2           1  0.131037593    
           2           2  -7.80669451E-02
   5.50428820       5.20772696       1.63741469              12
           1           3 -0.106708825    
           1           4  -4.20435071E-02
           1           5   1.65960193E-02
           1           6   4.08404469E-02
           1           2   7.79038668E-03
           1           7  -5.53278923E-02
           2           3   6.73890114E-03
           2           4  -5.07290363E-02
           2           5  -2.73470879E-02
           2           6   2.11665630E-02
           2           1  0.138853431    
           2           2 -0.235054195    
   8.90891743       4.66400290       1.62249434              12
           1           3   2.11936235E-03
           1           4   9.65312123E-03
           1           5  -5.56215644E-03
           1           6  -5.28946519E-03
           1           1   6.61551952E-04
           1           2  -7.19249249E-04
           1           7  -8.63134861E-04
           2           4   1.04814768E-02
           2           5  -6.18357062E-02
           2           6   2.34354734E-02
           2           1  0.107707262    
           2           2 -0.105383754    
   9.22577190       4.25939417       1.87826610              12
           1           3  -4.14729118E-04
           1           4   3.48079205E-03
           1           5   5.53684831E-02
           1           6  -5.59795797E-02
           1           1   4.03747559E-02
           1           2   1.93264484E-02
           1           7  -6.21562898E-02
           2           4  -2.99826860E-02
           2           5  -6.41882420E-03
           2           6   6.59429431E-02
           2           1  0.123098969    
           2           2 -0.142153382    
   9.02081013       4.56850052       1.68270564              11
           1           3   1.67697668E-03
           1           4  -1.18459463E-02
           1           5   1.26451254E-04
           1           6  -4.48620319E-03
           1           1  -1.21484399E-02
           1           2   2.66771913E-02
           2           4   3.20845842E-03
           2           5  -4.75541949E-02
           2           6   9.82767344E-03
           2           1   8.05847645E-02
           2           2 -0.137246728    
   8.73891640       4.68658304      0.830530524              12
           1           3   9.12481546E-03
           1           4   1.06151402E-02
           1           5  -1.57614350E-02
           1           6  -4.29344177E-03
           1           1  -1.51847303E-02
           1           2  -1.10110044E-02
           1           7   2.65105963E-02
           2           4   7.36473799E-02
           2           5  -4.06245589E-02
           2           6   1.07610226E-03
           2           1  0.148770809    
           2           2 -0.130439878    
   5.65352869       5.07365656      0.945293963              12
           1           3   1.43904090E-02
           1           4  -2.50601768E-03
           1           5   5.19794226E-03
           1           6   4.21583652E-04
           1           1  -1.82427168E-02
           1           2   5.31733036E-03
           1           7  -4.57865000E-03
           2           4  -1.34259462E-02
           2           5  -5.20316362E-02
           2           6   6.85092211E-02
           2           1   6.94409609E-02
           2           7 -0.105550647    
   7.98437786       2.95111346      0.669590414              11
           1           3   4.09418941E-02
           1           5  -7.96242952E-02
           1           6  -4.64415550E-03
           1           1   4.95858490E-02
           1           2   3.50162387E-03
           1           7   1.49905682E-05
           2           4  -9.77587700E-03
           2           5  -5.31253815E-02
           2           6   4.72140312E-02
           2           1   6.56647086E-02
           2           2 -0.189180672    
   5.64103985       3.64409614       1.26264858              13
           1           3  -5.63875437E-02
           1           4   1.69307590E-02
           1           5   1.64111257E-02
           1           6   8.82488489E-03
           1           1   1.85921788E-02
           1           2   2.18719542E-02
           1           7  -2.62433290E-02
           2           3   3.83133888E-02
           2           4   1.77288055E-03
           2           5  -3.59327793E-02
           2           6   3.36594582E-02
           2           1   4.74333763E-02
           2           2 -0.133957267    
   6.48652697       4.79248333      0.634887815              12
           1           3  -4.45723832E-02
           1           5   3.66926193E-04
           1           6   5.79549670E-02
           1           1  -8.84604454E-03
           1           2   3.69974971E-03
           1           7   4.58812714E-03
           2           4  -1.31913424E-02
           2           5  -2.34746933E-02
           2           6   8.88392925E-02
           2           1  0.146463871    
           2           2 -0.162731290    
           2           7 -0.137813449    
   8.98927593       4.66212606       1.48667228              11
           1           3   1.28075480E-02
           1           4  -6.21083379E-03
           1           5  -6.94075227E-03
           1           6  -1.46567225E-02
           1           1  -3.27374935E-02
           1           2   4.77383137E-02
           2           4  -1.13397837E-02
           2           5  -3.89977098E-02
           2           6   3.80542874E-02
           2           1   5.92943430E-02
           2           2 -0.180008054    
   9.37858295       5.57152843       1.60746098              11
           1           3  -2.77233720E-02
           1           4   5.68541884E-03
           1           5  -1.10504031E-03
           1           6   1.29591227E-02
           1           1  -6.36458397E-04
           1           2   1.08203888E-02
           2           4   1.52127147E-02
           2           5   1.23191476E-02
           2           6  -3.46955657E-02
           2           1   2.66218185E-03
           2           2   4.00274992E-02
   9.24747753       6.15939617       1.69661391              13
           1           3   5.69813848E-02
           1           4   5.72486520E-02
           1           5  -2.45022774E-03
           1           6  -2.52897739E-02
           1           1  -5.20868301E-02
           1           2   1.62250996E-02
           1           7  -5.06284833E-02
           2           3   9.66880322E-02
           2           4   4.85869050E-02
           2           5  -6.91747665E-02
           2           6  -6.57602549E-02
           2           2 -0.142500043    
           2           7  0.212075949    
   6.28661633       4.96117830      0.496742398              12
           1           3  -1.03858113E-02
           1           4  -2.96506882E-02
           1           5  -5.89007139E-03
           1           6   1.36660933E-02
           1           1   1.61261559E-02
           1           2   3.89593840E-03
           1           7   1.22383237E-02
           2           4  -5.30228615E-02
           2           5  -8.26146603E-02
           2           6   2.42733955E-02
           2           1   6.03398085E-02
           2           2 -0.241410911    
   8.50348854       4.85325193      0.668159783              12
           1           3  -5.96063137E-02
           1           4  -2.85544991E-02
           1           5   4.60371375E-03
           1           6   2.77499259E-02
           1           1   7.06103444E-02
           1           2   7.87985325E-03
           1           7  -2.26830840E-02
           2           3   6.73140287E-02
           2           4  -1.44267678E-02
           2           5  -1.66482329E-02
           2           6   5.18894792E-02
           2           1  -3.04565430E-02
   8.51284122       5.10621309      0.473993897              11
           1           3  -4.52451110E-02
           1           4  -9.81256366E-03
           1           5  -3.08079720E-02
           1           6  -1.84938312E-02
           1           1   4.38034534E-04
           1           7  0.103921533    
           2           3  -1.36634111E-02
           2           4   3.87216210E-02
           2           5  -8.43716264E-02
           2           6  -6.32610321E-02
           2           1  -2.09408998E-02
   6.48436451       4.24839830      0.474155188              12
           1           3  -5.74877858E-02
           1           4   7.40951300E-03
           1           5   2.06297636E-03
           1           6  -7.71797895E-02
           1           1   4.89392877E-02
           1           2   7.62557387E-02
           2           3  -1.85739994E-02
           2           4 -0.155670285    
           2           5  -4.95886803E-03
           2           6   3.26514244E-03
           2           1   8.64214897E-02
           2           2 -0.203679740    
   9.60237694       4.42081213       1.77848840              11
           1           3  -4.88579273E-02
           1           4   5.06689548E-02
           1           5   1.37789249E-02
           1           6   2.41504312E-02
           1           1   2.07465887E-02
           1           7  -6.04869723E-02
           2           4   1.23236179E-02
           2           5  -4.93893027E-02
           2           6   1.98182464E-02
           2           1   6.43446445E-02
           2           7  -3.35793495E-02
   9.93328953       3.48398757       1.60013413              11
           1           3   1.67775154E-03
           1           4   8.07005167E-03
           1           5  -4.41029668E-03
           1           6   7.81404972E-03
           1           1  -3.30583453E-02
           1           7   1.99067593E-02
           2           4  -1.91237926E-02
           2           5  -4.22217250E-02
           2           6   4.03037667E-02
           2           1   3.79041433E-02
           2           7  -8.14134479E-02
   6.18820143       4.69993353      0.821555376              12
           1           3  -4.55933511E-02
           1           4  -2.49117613E-03
           1           5  -1.04295611E-02
           1           6  -2.82227993E-04
           1           1   1.35540962E-04
           1           2   2.81226337E-02
           1           7   3.05380225E-02
           2           4   1.43885612E-04
           2           5  -3.05117369E-02
           2           1  0.142290473    
           2           2 -0.131474137    
           2           7  -8.27300549E-03
   5.69903469       4.91702414       1.04215682              12
           1           3  -8.33195448E-03
           1           4  -3.62706184E-03
           1           5   5.11449575E-03
           1           6   2.42215395E-03
           1           1  -8.26138258E-03
           1           2   1.52689517E-02
           1           7  -2.58529186E-03
           2           5  -2.71556377E-02
           2           6   9.02956724E-02
           2           1   8.46680403E-02
           2           2 -0.194183171    
           2           7 -0.112169981    
   6.16379118       4.88731289      0.685338914              12
           1           3  -6.57987595E-03
           1           4  -1.33126974E-02
           1           5  -6.47979975E-03
           1           6  -1.04871392E-02
           1           1   1.00806355E-02
           1           2   1.83710456E-02
           1           7   8.40795040E-03
           2           5  -2.51836777E-02
           2           6   9.04029608E-02
           2           1  0.101565838    
           2           2 -0.185526252    
           2           7 -0.122372031    
   6.05433416       5.03942108      0.532759547              14
           1           3  -4.46349084E-02
           1           4  -2.97051668E-02
           1           5  -3.07548046E-02
           1           6  -1.20195150E-02
           1           1   3.59204412E-02
           1           2   4.74486649E-02
           1           7   3.37452888E-02
           2           3  0.153937340    
           2           4  -5.24364710E-02
           2           5  -5.10160923E-02
           2           6   2.52821445E-02
           2           1  0.141183376    
           2           2 -0.131893098    
           2           7 -0.165396094    
   6.28662634       4.70426321      0.624632239              11
           1           3  -8.26346576E-02
           1           4   2.02438831E-02
           1           5  -9.35125351E-03
           1           6   5.58399558E-02
           1           1  -1.65450573E-03
           1           2   1.75565183E-02
           2           4  -4.91559505E-02
           2           5  -5.64124584E-02
           2           6   5.00987768E-02
           2           1  0.128232837    
           2           2 -0.192973793    
   5.83591604       5.01569176       1.09189034              12
           1           3   2.31385231E-04
           1           4  -6.16979599E-03
           1           5   2.79951096E-03
           1           6  -1.72644854E-03
           1           1  -1.77593827E-02
           1           2   1.93804502E-04
           1           7   2.24308968E-02
           2           4  -1.24382973E-02
           2           5  -2.80922651E-02
           2           6   5.58393002E-02
           2           1   8.54933262E-02
           2           7 -0.115733385    
   7.97177792       6.58212328       1.21701252              11
           1           3  -3.22264433E-03
           1           4  -1.33340955E-02
           1           5  -1.26517415E-02
           1           6   8.35919380E-03
           1           1   6.73577189E-02
           1           2   2.60843039E-02
           2           4   1.89002156E-02
           2           5  -5.14400005E-03
           2           6   1.91211700E-02
           2           2 -0.137593031    
           2           7  -7.25927353E-02
   5.82184553       4.86428452      0.825020611              12
           1           3  -3.56537104E-03
           1           4  -9.53650475E-03
           1           5  -5.16289473E-03
           1           6  -6.64788485E-03
           1           1  -8.26621056E-03
           1           2   2.06465721E-02
           1           7   1.25322342E-02
           2           5  -4.70342636E-02
           2           6   7.71956444E-02
           2           1   8.34776163E-02
           2           2 -0.179065287    
           2           7 -0.144995928    
   6.13712168       5.40059137      0.587358177              12
           1           3  -3.63203883E-02
           1           4  -1.49619579E-02
           1           5   1.22998357E-02
           1           6   2.89680958E-02
           1           1   3.57657075E-02
           1           2  -2.63469517E-02
           1           7   5.95569611E-04
           2           4  -1.57048702E-02
           2           5   9.92953777E-03
           2           6   3.33251953E-02
           2           1   8.47138166E-02
           2           7 -0.169531345    
   5.94039726       4.90625048      0.789665222              13
           1           3  -4.75656092E-02
           1           4  -3.29992771E-02
           1           5  -2.01867819E-02
           1           6  -1.80239081E-02
           1           1  -8.06629658E-04
           1           2   1.10987127E-02
           1           7  0.108483374    
           2           4  -3.26273441E-02
           2           5  -4.15463448E-02
           2           6   6.52410984E-02
           2           1   9.22427177E-02
           2           2 -0.227224708    
           2           7 -0.147048473    
   5.53971148       3.17568064       1.81630945              12
           1           3 -0.157406569    
           1           4   1.38590336E-02
           1           5   3.59528065E-02
           1           6   2.72144079E-02
           1           1   2.66932249E-02
           1           2   1.44597888E-03
           1           7   5.22410274E-02
           2           3  -3.27242613E-02
           2           4   3.10398340E-02
           2           5  -4.86472845E-02
           2           6   2.23022699E-02
           2           7 -0.219151497    
   9.49756718       4.03138733       1.52029741              13
           1           3   1.94299221E-03
           1           4  -7.71638751E-03
           1           5  -2.40811706E-02
           1           6  -1.94114447E-03
           1           1   6.19733334E-03
           1           2   9.53137875E-03
           1           7   1.60670280E-02
           2           4   1.24795437E-02
           2           5  -4.70172763E-02
           2           6   5.82254529E-02
           2           1  0.121681213    
           2           2 -0.142733097    
           2           7  -4.45291996E-02
   9.85040569       4.15563869       1.83537877              12
           1           3  -2.96385288E-02
           1           4   2.66808867E-02
           1           5  -4.61810827E-03
           1           6  -5.15800714E-03
           1           1  -1.14644766E-02
           1           2  -1.41507387E-03
           1           7   2.56133080E-02
           2           4   2.86974907E-02
           2           5  -4.39152718E-02
           2           6   1.77055001E-02
           2           1   4.39890623E-02
           2           7  -3.25944424E-02
   9.43374825       5.63033104       1.91698754              12
           1           3  -6.17364645E-02
           1           4  -3.32543254E-03
           1           5   5.00184894E-02
           1           6   3.28620672E-02
           1           1  -3.48520279E-02
           1           2   4.24923897E-02
           2           3  -2.94945240E-02
           2           4  -2.52906084E-02
           2           5   4.61860895E-02
           2           6   2.56266594E-02
           2           1   1.22864246E-02
           2           7  -2.54591703E-02
   9.43273067       4.40644026       1.57555985              12
           1           4   3.31778824E-02
           1           5  -2.62525678E-02
           1           6   1.35627389E-03
           1           1   1.18806362E-02
           1           2   1.47259235E-03
           1           7  -5.49694896E-03
           2           3  -1.61378384E-02
           2           4   2.77617574E-02
           2           5  -4.61928844E-02
           2           6   4.74711061E-02
           2           1   3.41898203E-02
           2           7  -6.94391131E-02
   5.57201099       5.81080055      0.757604480              12
           1           3  -9.52184200E-03
           1           4   6.62392378E-03
           1           5   4.35924530E-03
           1           6   2.97157168E-02
           1           1   2.78123617E-02
           1           2  -3.23222280E-02
           1           7  -2.66671181E-02
           2           4  -4.08984423E-02
           2           5   7.27069378E-03
           2           6   5.69709539E-02
           2           1  0.113142848    
           2           7 -0.133731246    
   7.99702692       7.25339365       1.16771531              11
           1           3  -2.29841173E-02
           1           4  -1.55181885E-02
           1           5  -5.40447235E-03
           1           6   6.16347790E-03
           1           1   9.65285301E-03
           1           2   2.80903578E-02
           2           3  0.130571842    
           2           4   1.28841400E-03
           2           5  -1.81037188E-02
           2           6   2.73569822E-02
           2           2 -0.219351053    
   7.86748171       7.18511009       1.90219188              12
           1           3  -5.31584024E-02
           1           4  -1.00578666E-02
           1           5  -7.27325678E-03
           1           6  -1.98864937E-03
           1           1   2.10641026E-02
           1           2   1.66962147E-02
           1           7   3.47177982E-02
           2           3   8.61885548E-02
           2           4  -6.79818392E-02
           2           5  -5.14209270E-02
           2           6  -9.04202461E-04
           2           2 -0.200440049    
   6.30696821       4.83239079      0.678030372              13
           1           3  -3.79243493E-02
           1           4  -2.36326456E-02
           1           5   4.98639941E-02
           1           6   1.51157379E-03
           1           1  -2.68960595E-02
           1           2   6.21613860E-03
           1           7   3.08614969E-02
           2           4  -3.48228216E-02
           2           5  -2.71085501E-02
           2           6   7.88291693E-02
           2           1   9.82502699E-02
           2           2 -0.187745750    
           2           7 -0.113826752    
   5.49168444       4.41544819       1.14535570              12
           1           3  -2.70417929E-02
           1           4  -9.99152660E-03
           1           5   3.28004360E-03
           1           6   3.79544497E-03
           1           1   2.81095505E-04
           1           2   3.51545513E-02
           1           7  -5.47796488E-03
           2           3   4.23370600E-02
           2           4   8.57043266E-03
           2           5  -3.36450338E-02
           2           1   6.21147156E-02
           2           2 -0.170856357    
   6.19111156       4.89587116       2.88816071              12
           1           3  -7.08331466E-02
           1           4   6.58956170E-02
           1           5   4.38203812E-02
           1           6   5.62917590E-02
           1           1   7.70294666E-03
           1           2  -5.21934032E-02
           1           7  -5.06842136E-02
           2           4   1.26305819E-02
           2           5  -5.08874655E-02
           2           6   5.15704155E-02
           2           1   3.80082130E-02
           2           7  -5.88010550E-02
   5.60614872       4.89290047       1.41280794              12
           1           3  -1.70144439E-02
           1           4   4.78625298E-04
           1           5   1.09562874E-02
           1           6   9.43642855E-03
           1           1  -6.39587641E-03
           1           2   5.44846058E-04
           1           7   1.99425220E-03
           2           4  -1.46025419E-02
           2           5  -3.82996798E-02
           2           6   4.07307148E-02
           2           1   7.73439407E-02
           2           7 -0.122548103    
   6.04668474       5.26506042      0.624417126              12
           1           3  -4.19787765E-02
           1           4  -7.45818615E-02
           1           5   7.47144222E-03
           1           6   3.80088091E-02
           1           2   2.46042013E-03
           1           7  -4.55462933E-03
           2           4  -4.67060804E-02
           2           5  -4.12328243E-02
           2           6   1.67628527E-02
           2           1   7.31745958E-02
           2           2 -0.207900107    
           2           7 -0.118629456    
   5.87606812       5.27622652      0.557335615              12
           1           3  -6.49123490E-02
           1           4   2.95342207E-02
           1           5   5.85600734E-02
           1           6   5.08248806E-03
           1           1   5.23358583E-02
           1           2  -5.57511747E-02
           1           7  -2.48490572E-02
           2           4  -7.77875185E-02
           2           5  -4.68933582E-03
           2           6   3.22153568E-02
           2           1  0.143737674    
           2           2 -0.176067114    
   8.14528465       6.70636225       2.29601932              11
           1           3  -6.17604256E-02
           1           4  -2.12174654E-03
           1           5   1.88660622E-02
           1           6   1.79876685E-02
           1           1  0.101606727    
           1           2  -7.45784640E-02
           2           3   5.07816076E-02
           2           4  -5.12360334E-02
           2           5   5.48279285E-03
           2           6  -8.12995434E-03
           2           2 -0.113384008    
   9.03126812       5.28980160       1.94007456              11
           1           3  -6.75123930E-03
           1           4  -3.25677395E-02
           1           5   1.64795518E-02
           1           6  -3.55257392E-02
           1           1   1.62928700E-02
           1           7   4.20722365E-02
           2           4  -6.36548400E-02
           2           5  -2.16412544E-03
           2           6   1.50235891E-02
           2           1  0.112069845    
           2           7 -0.194105744    
   8.70057392       6.05397558       2.21662021              12
           1           3  -7.40605593E-02
           1           4  -2.50135362E-02
           1           5   2.77352333E-02
           1           6   2.01086998E-02
           1           1   4.44849133E-02
           1           2  -1.87215209E-02
           1           7   2.54666805E-02
           2           4  -3.17549706E-02
           2           6   2.00043917E-02
           2           1  0.174133182    
           2           2  -7.75156021E-02
           2           7 -0.192161560    
   8.72481346       5.01497126      0.390433490              11
           1           3  -2.15863585E-02
           1           4   4.36905026E-03
           1           5   2.88394094E-03
           1           6   1.61936879E-02
           1           1  -2.33290195E-02
           1           2   2.14686990E-02
           2           3  -2.55436897E-02
           2           4   2.12005377E-02
           2           5  -4.76767421E-02
           2           6  -9.93543863E-03
           2           1   6.28840923E-02
   9.06238937       4.60007429       1.68178689              11
           1           3   3.45689058E-03
           1           4   7.53089786E-03
           1           5  -2.84960866E-03
           1           6  -4.94110584E-03
           1           1  -1.07377768E-02
           1           2   7.54064322E-03
           2           4  -9.11521912E-03
           2           5  -1.84549689E-02
           2           6   1.43567324E-02
           2           1   6.08835220E-02
           2           2 -0.157682896    
   8.77410889       4.69801378      0.818634868              11
           1           3   2.85314322E-02
           1           4   1.12006068E-03
           1           5  -2.02755630E-02
           1           6  -1.15696490E-02
           1           1  -2.99242139E-03
           1           2   5.18614054E-03
           2           4   1.84050798E-02
           2           5  -1.55392885E-02
           2           6   4.20181751E-02
           2           1  0.110591710    
           2           2 -0.149519920    
   6.21368599       4.77340746      0.581090927              12
           1           3  -6.21622801E-03
           1           4  -1.28799677E-02
           1           5   3.02970409E-03
           1           6   8.21274519E-03
           1           1   1.52230263E-03
           1           2   1.15740895E-02
           1           7  -5.24264574E-03
           2           4  -3.81757021E-02
           2           5  -5.70535660E-02
           2           6   6.64689541E-02
           2           1   7.32491016E-02
           2           2 -0.188768446    
   5.45742130       4.35246515       1.27381718              12
           1           3  -2.74224281E-02
           1           4  -2.19207406E-02
           1           5   1.79961324E-02
           1           6   1.92180872E-02
           1           1   1.11485124E-02
           1           2   3.73802483E-02
           1           7  -3.63997221E-02
           2           4  -2.86296606E-02
           2           5  -2.34285593E-02
           2           6  0.143307090    
           2           1   4.37740088E-02
           2           2 -0.181992948    
   5.47591639       5.22179317       1.02597272              12
           1           3  -1.29616261E-02
           1           4   3.76325846E-03
           1           5   1.62611008E-02
           1           6   9.60731506E-03
           1           1   2.19208598E-02
           1           2   3.86098027E-02
           1           7  -7.72006512E-02
           2           4  -3.12414169E-02
           2           5  -2.26421356E-02
           2           1  0.127829313    
           2           2 -0.198862195    
           2           7  -7.60161877E-02
   5.00524139       5.75308371       1.03316975              12
           1           3  -1.91975236E-02
           1           4   7.49558210E-03
           1           5  -9.07036662E-02
           1           6   3.97734642E-02
           1           1   2.80809402E-02
           1           2   5.85365891E-02
           1           7  -2.39853859E-02
           2           4  -5.40580750E-02
           2           5   1.59355402E-02
           2           6   4.29193974E-02
           2           1  0.170648813    
           2           2 -0.218086839    
   5.47482824       5.02667522      0.821920276              12
           1           3   2.27781534E-02
           1           4  -1.49934292E-02
           1           5  -4.72825766E-03
           1           6  -1.35295391E-02
           1           1  -2.95454264E-03
           1           2   2.30826735E-02
           1           7  -9.65499878E-03
           2           3  0.132723451    
           2           5  -7.61159658E-02
           2           6   2.43911743E-02
           2           1   3.41291428E-02
           2           7 -0.170313716    
   7.50135231       9.33723831       1.23775423              11
           1           3   2.04805732E-02
           1           4   9.80335474E-03
           1           5  -3.27751637E-02
           1           6  -3.51182222E-02
           1           2   2.99661160E-02
           1           7   7.64346123E-03
           2           3  0.106287122    
           2           4   2.55239010E-03
           2           5  -8.10823441E-02
           2           6  -1.02353096E-03
           2           2  -8.16361904E-02
   8.49433041       5.32659912       1.21962082              11
           1           3   6.98987842E-02
           1           4   4.62586880E-02
           1           5  -3.75809669E-02
           1           6  -1.82150304E-02
           1           1  -5.89185655E-02
           1           2  -1.44296885E-03
           2           3 -0.201006293    
           2           4   3.42244506E-02
           2           5  -9.80193615E-02
           2           6  -8.40759277E-02
           2           1   6.77206516E-02
   6.35028982       4.49598885      0.531539500              11
           1           3  -4.44267988E-02
           1           4  -5.43648005E-03
           1           5   2.60829926E-04
           1           6  -4.06306982E-03
           1           1   1.24467611E-02
           1           2   4.12187576E-02
           2           4   2.03827620E-02
           2           5  -5.61412573E-02
           2           6  -4.07397747E-03
           2           1   4.92109060E-02
           2           2  -8.23325515E-02
   6.54922390       4.14606953      0.462656468              11
           1           3  -9.13608670E-02
           1           4  -2.96958089E-02
           1           5  -2.88109779E-02
           1           6  -5.03396988E-03
           1           1   5.47820032E-02
           1           2  0.100119740    
           2           4  -2.84422636E-02
           2           5  -6.67144060E-02
           2           6  -4.76717949E-03
           2           1  0.153633952    
           2           2 -0.192760438    
   8.76595116       5.08503914       1.85823965              12
           1           3  -9.68635082E-03
           1           4   5.77029586E-02
           1           5   2.47173905E-02
           1           6 -0.103228986    
           1           1  -3.14736366E-03
           1           2   1.27903223E-02
           1           7   2.08520293E-02
           2           4   4.49299812E-02
           2           5  -5.60931563E-02
           2           6   5.87296486E-03
           2           1   7.03860521E-02
           2           2  -6.66688681E-02
   8.76512241       4.71065712       1.71415985              11
           1           3   5.30683994E-03
           1           4   2.52902210E-02
           1           5   8.09907913E-03
           1           6   4.79251146E-03
           1           1  -2.68941522E-02
           1           2  -1.65945888E-02
           2           4   6.47270679E-03
           2           5  -5.20833135E-02
           2           6   2.78830528E-03
           2           1  0.115497351    
           2           2 -0.102726698    
   5.82803202       4.37413979      0.941483200              12
           1           3  -4.94043231E-02
           1           4   1.98495388E-02
           1           5   6.34449720E-03
           1           6  -8.25458765E-03
           1           1   2.21419334E-03
           1           2   4.71991599E-02
           1           7  -1.79485083E-02
           2           4   4.72351313E-02
           2           5  -2.06311941E-02
           2           6   3.06717157E-02
           2           1   7.43429661E-02
           2           2 -0.108450949    
   9.45787811       4.33634806       1.90718043              12
           1           3  -6.87395930E-02
           1           4  0.106365800    
           1           5   9.64400172E-03
           1           6   9.22232866E-04
           1           1  -1.44801140E-02
           1           2   2.65275240E-02
           1           7  -6.02399409E-02
           2           3 -0.339747667    
           2           4  0.140254021    
           2           5  -3.15929055E-02
           2           6  -2.67642736E-02
           2           1  0.102187634    
   9.70468807       3.65724945       1.77859056              12
           1           3  -2.24014521E-02
           1           4   1.41330361E-02
           1           5  -1.21823251E-02
           1           6  -5.76943159E-04
           1           1  -1.00952387E-03
           1           2   3.16381454E-03
           1           7   1.88733935E-02
           2           4   1.23512745E-02
           2           5  -5.81882000E-02
           2           6   2.41344571E-02
           2           1  0.102777600    
           2           2  -9.65911150E-02
   9.88966560       3.73582816       1.80944574              11
           1           4   2.93998122E-02
           1           5  -1.89179182E-03
           1           6  -2.97427177E-04
           1           1  -1.52615905E-02
           1           2  -8.63188505E-03
           1           7  -3.31702828E-03
           2           4   6.55388832E-03
           2           5  -1.68561339E-02
           2           6   2.15577483E-02
           2           1   2.92823315E-02
           2           7  -3.58216763E-02
   10.1259384       3.53037643      0.638995647              12
           1           4  -9.01036263E-02
           1           5  -2.42649317E-02
           1           6  -5.84706664E-03
           1           1 -0.120159924    
           1           2   5.30819893E-02
           1           7   6.34648204E-02
           2           3  0.123828769    
           2           4 -0.149626970    
           2           5  -4.79085445E-02
           2           6   5.02934456E-02
           2           1 -0.160567522    
           2           7  -3.79481316E-02
   9.68286228       3.51033306       1.82678318              11
           1           4   7.68678784E-02
           1           5  -4.28523719E-02
           1           6  -1.52841210E-02
           1           1  -6.29513264E-02
           1           2  -3.36818099E-02
           1           7   7.79018402E-02
           2           4   2.29126215E-02
           2           5  -5.50982952E-02
           2           6   2.19488144E-02
           2           1   8.76350403E-02
           2           7  -5.78815937E-02
   9.65091705       3.71716905       1.52584827              11
           1           4   7.72118568E-03
           1           5   3.16032767E-03
           1           6   2.18219459E-02
           1           1  -9.11688805E-03
           1           2  -1.70234442E-02
           1           7  -6.56303763E-03
           2           4  -4.62098718E-02
           2           5  -2.00343132E-03
           2           6   5.03325462E-02
           2           1   3.01647186E-02
           2           7  -3.94870639E-02
   6.09822512       5.50563431      0.407251269              12
           1           3  -1.66884065E-03
           1           4  -2.39145160E-02
           1           5   5.40524721E-03
           1           6   1.63123608E-02
           1           1   3.28450203E-02
           1           2  -5.88538051E-02
           1           7   2.98744440E-02
           2           4  -1.69961452E-02
           2           5  -3.91680002E-02
           2           6   2.20414400E-02
           2           1  0.121509790    
           2           7 -0.200995445    
   6.99154282       5.31443930      0.224690408              11
           1           3   4.73228097E-03
           1           4   7.37464428E-03
           1           5  -1.55228376E-03
           1           6   2.70435810E-02
           1           1  -7.43478537E-03
           1           7  -3.01634073E-02
           2           4  -1.66230202E-02
           2           5  -7.91144371E-03
           2           6   3.96028757E-02
           2           1   7.82194138E-02
           2           7 -0.134888411    
   8.79436684       6.76766920       1.89935005              11
           1           3  -3.06000710E-02
           1           4   2.37224102E-02
           1           5   7.26860762E-03
           1           6   1.72876120E-02
           1           1  -2.76956558E-02
           1           2   1.00169778E-02
           2           3   3.72378826E-02
           2           4  -2.14473605E-02
           2           5  -1.33194923E-02
           2           6   1.60521269E-02
           2           1  -2.93865204E-02
   8.42699051       7.00077677       2.63277769              11
           1           3 -0.109988332    
           1           4   2.95758247E-03
           1           5   2.83448696E-02
           1           6   3.00210118E-02
           1           2   3.48257422E-02
           1           7   1.38392448E-02
           2           3   7.17866421E-03
           2           4  -3.47766876E-02
           2           5   1.00625753E-02
           2           6   1.82985067E-02
           2           7  -4.51606512E-02
   6.47109747       4.23343182      0.427918822              12
           1           3  -7.15560317E-02
           1           4  -8.12554359E-03
           1           5  -3.24239135E-02
           1           6  -2.13521719E-03
           1           1   3.51147950E-02
           1           2   7.91258514E-02
           2           3  -1.78439617E-02
           2           4 -0.180842519    
           2           5  -2.92245150E-02
           2           6   1.48699284E-02
           2           1   5.79558611E-02
           2           2 -0.200186908    
   6.33934879       4.73704338      0.444457620              12
           1           3  -4.92640436E-02
           1           4   5.62736988E-02
           1           5  -2.25743651E-02
           1           6   2.22852230E-02
           1           1   2.21263766E-02
           1           2  -3.82322967E-02
           1           7   9.38552618E-03
           2           4  -6.13448620E-02
           2           5  -7.76740313E-02
           2           6   2.82198191E-02
           2           1  0.108750343    
           2           2 -0.178795576    
   5.87864590       4.32838631      0.684038043              11
           1           3  -1.86583996E-02
           1           4   1.40530467E-02
           1           5  -7.61348009E-03
           1           6   9.11849737E-03
           1           1   1.94602609E-02
           1           2  -1.63599849E-02
           2           4   1.03210211E-02
           2           5  -6.35919571E-02
           2           6   3.46910954E-03
           2           1   8.18357468E-02
           2           2  -7.28175640E-02
   5.69668579       4.27277517      0.789054036              12
           1           3  -5.33920527E-03
           1           4  -6.45291805E-03
           1           5  -3.64919305E-02
           1           6   2.07643509E-02
           1           1   1.64882541E-02
           1           2   4.83590364E-03
           1           7   6.19554520E-03
           2           4   9.83452797E-03
           2           5  -6.65435791E-02
           2           6   1.18874311E-02
           2           1   5.10510206E-02
           2           2 -0.331484824    
   6.18425703       5.13034868      0.602225006              11
           1           3  -1.81449652E-02
           1           5   1.48070455E-02
           1           6   3.25350165E-02
           1           1   1.36530399E-03
           1           2  -9.00161266E-03
           1           7   6.37334585E-03
           2           4  -2.79341936E-02
           2           5  -4.25386429E-02
           2           6   6.42671585E-02
           2           1  0.102855563    
           2           7 -0.124820709    
   6.06648350       4.97395563      0.863720119              12
           1           3  -7.29541481E-02
           1           5   1.94968581E-02
           1           6   3.93770337E-02
           1           1   5.83773851E-03
           1           2  -6.85304403E-04
           1           7   2.11281776E-02
           2           4  -1.22002363E-02
           2           5  -1.04528666E-02
           2           6  0.102228642    
           2           1  0.148166895    
           2           2 -0.155658662    
           2           7  -7.33872652E-02
   9.43716621       6.19745970       1.85730076              11
           1           3  -4.07965183E-02
           1           4   4.43381071E-02
           1           5   2.64387727E-02
           1           6   2.53635645E-02
           1           1  -3.27991843E-02
           1           2  -2.25447416E-02
           2           3   2.83031464E-02
           2           4   3.50910425E-02
           2           5   1.50918961E-02
           2           6   1.50061846E-02
           2           1  -4.58979607E-02
   6.38717031       4.61232710      0.554288983              12
           1           3 -0.101716757    
           1           4  -1.68473721E-02
           1           5  -7.37100840E-03
           1           6   2.48607993E-02
           1           1   5.91517687E-02
           1           2   4.08052206E-02
           1           7   1.11746788E-03
           2           4  -4.33604717E-02
           2           5  -3.71164083E-02
           2           6   7.81532526E-02
           2           1  0.137041450    
           2           2 -0.154394031    
   6.17906380       5.13078117      0.928279638              12
           1           3  -1.76784992E-02
           1           4   4.46081161E-04
           1           5   1.08913183E-02
           1           6   8.24545026E-02
           1           1   6.94960356E-03
           1           2  -3.16849649E-02
           2           3  -3.32747698E-02
           2           4   8.75723362E-03
           2           5  -2.98879147E-02
           2           6   4.31563854E-02
           2           1   9.29698944E-02
           2           7  -5.13780117E-02
   5.54555035       4.54143810       1.26305282              11
           1           3 -0.135222554    
           1           4  -9.06276703E-03
           1           5   2.95180678E-02
           1           6   3.39213610E-02
           1           1   2.88317204E-02
           1           2   5.20141125E-02
           2           3   9.04918909E-02
           2           5  -8.54240656E-02
           2           6   4.63693142E-02
           2           1   5.50385714E-02
           2           2 -0.214923382    
   9.19016361       4.30674839       1.43007994              12
           1           3   3.31090093E-02
           1           4  -1.98257267E-02
           1           5  -1.36184692E-02
           1           6  -4.50912118E-03
           1           1   1.92731619E-03
           1           2   5.94252348E-03
           1           7  -3.02556157E-03
           2           4   7.06326962E-03
           2           5  -1.00172758E-02
           2           6   2.23954320E-02
           2           1   8.75875950E-02
           2           2 -0.146781445    
   9.12302303       4.31384182       1.52170813              12
           1           3  -1.19897127E-02
           1           4   1.54870749E-02
           1           5  -8.80703330E-03
           1           6  -3.26007605E-03
           1           1   2.02395320E-02
           1           2   6.07931614E-03
           1           7  -1.77491605E-02
           2           4   8.57365131E-03
           2           5  -4.21437025E-02
           2           6   1.87556744E-02
           2           1  0.114694357    
           2           2  -9.83228683E-02
   9.63333893       4.12104511       1.76576138              12
           1           3  -9.92953777E-04
           1           4   2.19345689E-02
           1           5   1.99203491E-02
           1           6   1.39619708E-02
           1           1  -7.18593597E-04
           1           2   3.56847048E-03
           1           7  -5.76738715E-02
           2           4  -2.94322371E-02
           2           5  -1.14265084E-02
           2           6   4.30609584E-02
           2           1   9.56845284E-03
           2           7  -2.52203345E-02
   9.36635685       4.32703590       1.64435804              12
           1           3  -1.11598372E-02
           1           4   2.94766426E-02
           1           5   2.76237726E-03
           1           6  -3.00770998E-03
           1           1  -6.74986839E-03
           1           2  -7.13199377E-03
           1           7  -4.18967009E-03
           2           4   1.92094445E-02
           2           5  -3.94922495E-03
           2           6   6.74104691E-03
           2           1   3.94493341E-02
           2           7  -5.83750010E-02
   9.14405251       8.39434814      0.998939216              11
           1           3 -0.117154658    
           1           4   3.61939073E-02
           1           5  0.125139236    
           1           6  0.106215477    
           1           1   3.36217880E-02
           1           2  -2.20735073E-02
           2           3   6.35567904E-02
           2           4   3.94753218E-02
           2           5  -2.00401545E-02
           2           6   1.97401047E-02
           2           7 -0.161942363    
   8.31068707       6.96892405       1.97019863              12
           1           3  -7.13305473E-02
           1           4   9.07486677E-03
           1           5   2.23319530E-02
           1           6   1.92273855E-02
           1           1   1.72191262E-02
           1           2   2.01994777E-02
           1           7  -1.67220831E-02
           2           3  0.109406233    
           2           4   2.10142136E-03
           2           5  -1.51265860E-02
           2           6   6.69914484E-02
           2           2 -0.160936475    
   9.18974113       4.38405037       1.63581109              12
           1           3   1.97023153E-03
           1           4   1.70093477E-02
           1           5  -1.59848630E-02
           1           6  -2.23482847E-02
           1           1   2.00297832E-02
           1           2   1.33513212E-02
           1           7  -1.40275359E-02
           2           3  -1.36483908E-02
           2           5  -4.02569175E-02
           2           6   5.30846119E-02
           2           1  0.102384806    
           2           2 -0.124393225    
   9.40334320       4.19883394       1.59906495              11
           1           4   5.81541657E-03
           1           5   1.94579363E-03
           1           6   1.19685531E-02
           1           1   7.24107027E-03
           1           2  -6.71757460E-02
           1           7   4.02048230E-02
           2           4   6.94125891E-03
           2           5  -4.80270982E-02
           2           6   5.23939729E-02
           2           1   8.48808289E-02
           2           7  -9.01774764E-02
   9.56292534       4.05413103       1.49410295              12
           1           3   3.92912626E-02
           1           4   1.34198070E-02
           1           5  -1.63930058E-02
           1           6  -2.38926113E-02
           1           1  -9.98063684E-02
           1           2   3.21701765E-02
           1           7   5.52107692E-02
           2           4   2.59311199E-02
           2           5  -9.93059278E-02
           2           6   9.22132730E-02
           2           1   6.15437031E-02
           2           2 -0.170652270    
   9.71236420       4.23819304       1.53827286              11
           1           4   2.23928094E-02
           1           5   2.18045115E-02
           1           6  -3.91045213E-03
           1           1  -2.63981223E-02
           1           2  -6.27255440E-03
           1           7  -7.61610270E-03
           2           4   8.47220421E-03
           2           5  -4.86968160E-02
           2           6   5.83947301E-02
           2           1  -1.27298832E-02
           2           7  -1.20623112E-02
   9.06568718       4.54628277       1.53536463              13
           1           3   7.24650025E-02
           1           4   3.77753377E-03
           1           5  -4.23080325E-02
           1           6  -2.76450515E-02
           1           1  -1.07622147E-03
           1           2   3.82220745E-03
           1           7  -9.03552771E-03
           2           3 -0.123412967    
           2           4   3.98935080E-02
           2           5  -7.24774599E-02
           2           6   3.83031368E-03
           2           1   7.33274221E-02
           2           2 -0.139784455    
   9.03947830       4.52114248       1.55613303              12
           1           3   1.38851404E-02
           1           4   2.01648474E-02
           1           5  -2.97607780E-02
           1           6  -1.70989931E-02
           1           1   1.15627050E-02
           1           2   3.25217843E-02
           1           7  -3.12747061E-02
           2           3  -5.35756350E-02
           2           5  -3.41511369E-02
           2           6   1.74863935E-02
           2           1   9.62873697E-02
           2           2  -7.79337883E-02
   9.01195812       4.47269201       1.34281349              13
           1           3   5.31214476E-03
           1           4   1.89760327E-02
           1           5  -2.71535218E-02
           1           6  -9.52386856E-03
           1           1   2.33148336E-02
           1           2   4.47148681E-02
           1           7  -5.56404591E-02
           2           3  -9.82266665E-02
           2           5  -2.50038505E-02
           2           6   5.66096902E-02
           2           1   8.97086859E-02
           2           2  -9.05712843E-02
           2           7  -8.96103978E-02
   9.70074463       4.10689735       1.81663334              12
           1           3  -1.38148069E-02
           1           4   1.30031109E-02
           1           5   1.70085132E-02
           1           6   2.42571533E-02
           1           1  -5.54311275E-03
           1           2  -5.92154264E-03
           1           7  -2.89893448E-02
           2           4  -1.44014359E-02
           2           5  -2.60117054E-02
           2           6   4.01759148E-02
           2           1   1.36672258E-02
           2           7  -3.43638659E-02
   6.25783873       4.76761246      0.694356322              11
           1           3  -4.85097468E-02
           1           4   3.94004583E-03
           1           5   1.15243793E-02
           1           6   3.97384763E-02
           1           1  -4.49913740E-03
           1           2  -2.19407678E-03
           2           4  -3.02380323E-02
           2           5  -3.70583534E-02
           2           6   6.63268566E-02
           2           1   4.89628315E-02
           2           2 -0.179588139    
   5.72272253       4.20025587      0.969888151              13
           1           3  -1.82031393E-02
           1           4   7.79032707E-04
           1           5  -6.42830133E-03
           1           6   1.21083260E-02
           1           1  -4.19527292E-03
           1           2   2.07871795E-02
           1           7  -4.84776497E-03
           2           3  -4.47216034E-02
           2           4   1.51562691E-03
           2           5  -6.17837906E-03
           2           6   2.75423527E-02
           2           1   5.23434877E-02
           2           2 -0.159896851    
   4.95606375       6.01899910      0.976477146              14
           1           3  -9.44876671E-02
           1           4  -6.28594756E-02
           1           5  -2.57112980E-02
           1           6  -1.35639906E-02
           1           1  0.125983059    
           1           2   1.81792974E-02
           1           7   5.24600744E-02
           2           3   7.59685040E-03
           2           4  -6.83507919E-02
           2           5  -2.82330513E-02
           2           6   9.10589695E-02
           2           1  0.128708959    
           2           2 -0.138659239    
           2           7  -2.81391144E-02
   6.34407425       4.98937035      0.608031511              11
           1           3   6.57159090E-03
           1           5   1.87653303E-03
           1           6  -4.45270538E-03
           1           1   9.21726227E-04
           1           2   4.03791666E-03
           1           7   2.03722119E-02
           2           4  -2.93272734E-02
           2           5  -1.83706284E-02
           2           6   7.75674582E-02
           2           1  0.116239190    
           2           7 -0.143662691    
   5.26937819       4.05631304       1.40846860              11
           1           3  -2.15920806E-02
           1           4   1.21612549E-02
           1           5   1.26868486E-02
           1           6   1.14440918E-05
           1           1  -8.72123241E-03
           1           2   5.45385480E-03
           2           3   2.85848379E-02
           2           4  -3.59708071E-02
           2           5  -3.24881077E-03
           2           6   1.53560638E-02
           2           1  -1.05806589E-02
   5.60959244       5.54476357      0.962633133              12
           1           3  -3.35499048E-02
           1           4   1.01683140E-02
           1           5   1.86210871E-02
           1           6   2.15310454E-02
           1           1   3.81795764E-02
           1           2   1.85161829E-03
           1           7  -5.68018556E-02
           2           4  -1.42465830E-02
           2           5   1.06227398E-02
           2           6   3.64984274E-02
           2           1   9.99588966E-02
           2           2 -0.169285476    
   5.90437555       5.40185404      0.818894148              13
           1           3  -1.21808052E-03
           1           4  -3.40133905E-03
           1           5   5.18244505E-03
           1           6  -5.67561388E-03
           1           1   1.08401775E-02
           1           2  -5.07092476E-03
           1           7  -6.56664371E-04
           2           4   1.06222630E-02
           2           5  -1.77851915E-02
           2           6   5.49007654E-02
           2           1  0.134189010    
           2           2 -0.200349629    
           2           7 -0.150854945    
   6.75995922       4.69144249      0.378915071              13
           1           3 -0.170917034    
           1           4   6.20697737E-02
           1           5  -3.12885642E-02
           1           6  -3.04098129E-02
           1           1  0.111373067    
           1           2   3.63825560E-02
           1           7   2.27899551E-02
           2           3   4.42219973E-02
           2           4  -6.12319708E-02
           2           5  -3.28215361E-02
           2           6   5.24188280E-02
           2           2  -8.09916854E-02
           2           7 -0.111629963    
   9.92695522       2.42643571      0.975409448              11
           1           4   1.52993202E-02
           1           5   9.72408056E-03
           1           6   2.61594057E-02
           1           1   3.07589769E-03
           1           2  -3.76462936E-04
           1           7  -5.38821220E-02
           2           4  -1.34141445E-02
           2           5  -2.99775600E-02
           2           6   5.83469868E-04
           2           1   4.72568274E-02
           2           7  -2.04203725E-02
   9.83568668       2.36221671      0.603674531              11
           1           4   5.82383275E-02
           1           5   2.08277702E-02
           1           6   6.08938932E-03
           1           1  -6.27835989E-02
           1           2   1.02273822E-02
           1           7  -3.25993896E-02
           2           4  -3.70723009E-02
           2           5  -4.55005169E-02
           2           6   1.65808201E-02
           2           1  -1.95876360E-02
           2           7   4.13757563E-02
   5.97370243       5.12512207      0.872648120              12
           1           3  -7.79673159E-02
           1           4  -1.21982098E-02
           1           5   1.01321340E-02
           1           6  -1.54286623E-03
           1           1   2.48057246E-02
           1           2   2.09775269E-02
           1           7   3.57930660E-02
           2           4  -3.77810001E-03
           2           5   2.56069899E-02
           2           6   7.57567883E-02
           2           2 -0.121287167    
           2           7 -0.172685266    
   10.2083168       3.74436283       1.51406527              11
           1           4  -2.60747671E-02
           1           5   6.30712509E-03
           1           6   5.53464890E-03
           1           1  -8.85651112E-02
           1           2   3.51126790E-02
           1           7   5.98500371E-02
           2           3   7.83538818E-03
           2           4  -9.06099081E-02
           2           5  -3.31102610E-02
           2           6   3.15189958E-02
           2           1 -0.214183092    
   9.05509472       8.25790977       1.99684620              11
           1           3  -6.25534654E-02
           1           4   7.64996409E-02
           1           5  -4.72488403E-02
           1           6  -6.90611601E-02
           1           1   5.06031513E-02
           1           2  0.133182645    
           2           3 -0.128708839    
           2           4   5.89017868E-02
           2           5   1.31285191E-02
           2           2  0.189506292    
           2           7  -8.14220905E-02
   9.66885567       4.38324928       1.86044455              12
           1           3  -1.01090074E-02
           1           4  -7.68253803E-02
           1           5   1.05060637E-02
           1           6   3.02152038E-02
           1           1   9.50759649E-03
           1           2   9.02491808E-03
           1           7   2.76806355E-02
           2           4   1.12992525E-03
           2           5  -3.37154269E-02
           2           6   3.06604505E-02
           2           1   8.75735283E-03
           2           7  -4.32195663E-02
   8.71002102       5.65175200       1.82564080              12
           1           3  -5.24433851E-02
           1           4  -2.85621881E-02
           1           5   2.30496526E-02
           1           6   1.00766420E-02
           1           1   5.07093072E-02
           1           2   1.61687732E-02
           1           7  -1.89987421E-02
           2           4   5.12278080E-03
           2           5   1.75447464E-02
           2           6   1.48154497E-02
           2           2  -6.24808073E-02
           2           7 -0.147843361    
   5.92024851       4.65564156      0.802657008              13
           1           3 -0.129712224    
           1           4   2.77592540E-02
           1           5   1.10346079E-02
           1           6  -5.64635396E-02
           1           1   2.26738453E-02
           1           2   7.49628544E-02
           1           7   4.97453213E-02
           2           3   4.15251255E-02
           2           4  -4.36167717E-02
           2           5  -1.22115612E-02
           2           6   7.28499889E-02
           2           2  -3.10987830E-02
           2           7  -8.80315304E-02
   9.23921490       5.31159163       1.97395313              11
           1           3  -1.44245625E-02
           1           4  -3.94305587E-03
           1           5   3.99724245E-02
           1           6   2.43014693E-02
           1           1  -7.43755698E-02
           1           2   2.84693241E-02
           2           3   5.60840368E-02
           2           4  -1.85115933E-02
           2           5   1.78654194E-02
           2           6   9.51290131E-05
           2           1   4.87470627E-02
   9.27900696       5.44776344       2.09861207              12
           1           3   9.71436501E-04
           1           4  -6.62246346E-03
           1           5   2.80528665E-02
           1           6   5.27888536E-03
           1           1  -3.83473039E-02
           1           2  -3.17426324E-02
           1           7   4.24093008E-02
           2           3   5.79253435E-02
           2           4  -1.07143521E-02
           2           5  -1.25855207E-02
           2           6  -5.45371771E-02
           2           1   1.16188526E-02
   8.65930843       5.73877573       2.21797991              12
           1           3  -1.11533403E-02
           1           4  -5.73825836E-03
           1           5   3.98538709E-02
           1           6   3.73136401E-02
           1           1   6.58311248E-02
           1           2 -0.121163011    
           1           7  -4.94390726E-03
           2           4  -2.17153430E-02
           2           5  -1.00541115E-02
           2           6   1.63644552E-02
           2           2  -1.38249397E-02
           2           7  -7.10926056E-02
   8.81272411       5.84653091       1.87833774              12
           1           3 -0.104504824    
           1           4  -4.68152761E-03
           1           5   3.67101431E-02
           1           6   3.58356833E-02
           1           1   3.29996347E-02
           1           2   1.22928023E-02
           1           7  -8.65191221E-03
           2           4  -1.98515058E-02
           2           5   2.89766788E-02
           2           6   3.21818590E-02
           2           1  0.135977745    
           2           7 -0.162849903    
   8.33564377       5.48936415      0.750889897              11
           1           3  -3.31842005E-02
           1           4  -8.74104202E-02
           1           5 -0.116337806    
           1           1   5.00262380E-02
           1           2  0.179685891    
           1           7   5.01605868E-02
           2           4  -2.93121338E-02
           2           5 -0.144563615    
           2           6  -4.29403782E-02
           2           1   4.86401320E-02
           2           2  -5.35460711E-02
   9.62321377       5.39937162       2.21247125              12
           1           3   6.91735744E-03
           1           4   3.07261348E-02
           1           5   1.67492628E-02
           1           6  -1.52683854E-02
           1           1  -5.15127778E-02
           1           2  -2.80721784E-02
           1           7   4.04607654E-02
           2           3   7.48043060E-02
           2           4  -6.81474209E-02
           2           5   2.63614655E-02
           2           6  -9.82713699E-03
           2           1  -9.94920731E-03
   9.06005669       4.93698597       1.52260208              12
           1           3   4.39363718E-03
           1           4  -1.41787231E-02
           1           5  -1.38762891E-02
           1           6  -1.28673613E-02
           1           1   5.11783361E-03
           1           2  -6.28906488E-03
           1           7   3.76999378E-02
           2           4   2.70903111E-04
           2           5  -2.20345855E-02
           2           6   3.01319361E-02
           2           1   3.33007574E-02
           2           7  -3.09479237E-02
   9.14291668       5.00093508       1.69061232              12
           1           3  -1.00572109E-02
           1           4   4.09194827E-03
           1           5   1.80661678E-03
           1           6  -1.09222531E-03
           1           1  -5.44458628E-03
           1           2   1.91682577E-03
           1           7   8.77857208E-03
           2           4   1.01302862E-02
           2           5  -9.93299484E-03
           2           6   2.67291069E-02
           2           1   2.20406055E-02
           2           7  -3.61940861E-02
   8.99458790       4.85407686       1.64129639              12
           1           3  -1.21200085E-03
           1           4   7.66706467E-03
           1           5  -2.43714452E-03
           1           6   5.26085496E-03
           1           1   1.56289339E-02
           1           2  -6.41167164E-03
           1           7  -1.84960365E-02
           2           4  -2.18331814E-02
           2           5  -1.51482224E-02
           2           6   9.05001163E-03
           2           1   7.95347691E-02
           2           2  -7.57932663E-02
   8.96252728       4.75977516       1.45661902              12
           1           3   5.93936443E-03
           1           4  -1.45877898E-02
           1           5  -2.01839805E-02
           1           6  -6.81751966E-03
           1           1   7.46881962E-03
           1           2   4.25119400E-02
           1           7  -1.43308640E-02
           2           4   1.46317482E-03
           2           5  -2.40318179E-02
           2           6   2.61698961E-02
           2           1   8.07981491E-02
           2           2 -0.103461385    
   9.04725933       4.63497448       1.53737926              12
           1           3  -5.83391190E-02
           1           4   2.31974423E-02
           1           5   4.04987335E-02
           1           6   4.81833220E-02
           1           1   5.35017848E-02
           1           2   7.61513710E-02
           1           7 -0.183193535    
           2           4  -2.87453532E-02
           2           5   3.89910340E-02
           2           6   9.96385217E-02
           2           1  0.112550259    
           2           2  -4.07761335E-02
   8.88611984       4.73257208       1.51964021              11
           1           3   2.88902521E-02
           1           4   1.78426504E-03
           1           5  -8.96993279E-03
           1           6   3.54218483E-03
           1           1   2.39951611E-02
           1           2  -4.92419004E-02
           2           4   3.74984741E-03
           2           5  -4.70834970E-02
           2           6   4.06371355E-02
           2           1   8.84952545E-02
           2           2 -0.125830889    
   9.15078449       4.70277500       1.60178220              12
           1           3  -4.69803810E-04
           1           4  -2.47418880E-04
           1           5  -2.81081796E-02
           1           6  -9.55766439E-03
           1           1   7.69507885E-03
           1           2   4.04353738E-02
           1           7  -9.74744558E-03
           2           5  -5.75705171E-02
           2           6   2.58284807E-02
           2           1   8.13589096E-02
           2           2 -0.191844702    
           2           7  -1.24975443E-02
   9.16365337       4.79502869       1.82415855              12
           1           3  -1.54079199E-02
           1           4   5.95349073E-03
           1           5   5.26434183E-03
           1           6   7.64346123E-03
           1           1   3.04180384E-03
           1           2   6.62022829E-03
           1           7  -1.31153464E-02
           2           4  -1.26971602E-02
           2           5  -2.34622359E-02
           2           6   2.47598290E-02
           2           1   4.25636768E-03
           2           2 -0.110056996    
   8.96047974       4.74232531       1.72546041              12
           1           3   3.72251272E-02
           1           4   7.87627697E-03
           1           5  -1.46529377E-02
           1           6  -8.24016333E-03
           1           1  -4.42582369E-02
           1           2   2.33027339E-02
           1           7  -1.25283003E-03
           2           4  -5.20884395E-02
           2           5  -2.61417031E-02
           2           6   1.44596696E-02
           2           1   8.74150991E-02
           2           2  -9.11782980E-02
   9.47258854       5.01113415       1.92837322              11
           1           3  -1.18442774E-02
           1           4   5.04809618E-03
           1           5   4.01843190E-02
           1           6  -7.20479190E-02
           1           1   1.22413635E-02
           1           7   2.64184475E-02
           2           3   3.21173668E-02
           2           4  -1.22488141E-02
           2           5  -1.42955780E-03
           2           6   6.56223297E-03
           2           1  -3.60207558E-02
   8.70031643       4.84445572      0.576963544              11
           1           3   2.06792355E-02
           1           4  -6.07346892E-02
           1           5  -8.79111886E-03
           1           6   9.02000070E-03
           1           1   2.22973824E-02
           1           2   1.75291300E-02
           2           4   3.90166640E-02
           2           5  -3.22127938E-02
           2           6   4.40175533E-02
           2           1   6.98070526E-02
           2           2 -0.166044235    
   9.09176064       4.63322067       1.62847614              11
           1           3  -1.30646825E-02
           1           4  -8.27530026E-03
           1           5  -7.33411312E-03
           1           6   4.62216139E-03
           1           1  -1.81514025E-03
           1           2   2.58670449E-02
           2           4   2.03223825E-02
           2           5  -5.58745265E-02
           2           6   4.49967384E-03
           2           1   5.85881472E-02
           2           2 -0.155827403    
   9.60898304       3.98420811       1.55978084              12
           1           3   6.43555522E-02
           1           4  -2.03755200E-02
           1           5  -1.41782761E-02
           1           6   4.40901518E-03
           1           1  -9.50970352E-02
           1           2   4.19430137E-02
           1           7   1.89432502E-02
           2           4   7.41028786E-03
           2           5  -4.27424908E-02
           2           6   6.95243478E-02
           2           1   8.45769644E-02
           2           2 -0.212787628    
   9.10941029       4.58272743       1.52416623              12
           1           3   3.09817791E-02
           1           4   7.05534220E-03
           1           5 -0.131977320    
