  -130.026871       45.9425011      0.854834735    
  -130.020096       45.9454346      0.751508653    
  -129.978363       45.9342728       1.60160470    
  -130.030319       45.9438210       1.53252661    
  -130.014633       45.9403801      0.420310706    
  -130.014923       45.9403496      0.373171210    
  -130.021042       45.9447098      0.833764017    
  -130.012833       45.9414482      0.287944794    
  -129.985214       45.9416046       1.65363336    
  -130.028320       45.9333305       1.47615373    
  -129.985565       45.9407310       1.59414542    
  -130.028336       45.9466095       1.35728002    
  -129.984390       45.9418564       1.63749194    
  -129.981049       45.9379463       1.86903536    
  -129.983368       45.9409866       1.68354368    
  -129.985504       45.9418144       1.07820868    
  -130.027557       45.9455032      0.947703481    
  -129.996765       45.9265060      0.675051868    
  -130.027039       45.9327545       1.25617898    
  -130.015137       45.9424973      0.580031693    
  -129.983887       45.9419136       1.45700979    
  -129.978210       45.9502296       1.65627968    
  -129.980484       45.9551468       1.77002406    
  -130.021973       45.9444885      0.714920819    
  -129.990158       45.9434853      0.645435452    
  -129.990005       45.9456635      0.482774794    
  -130.015778       45.9381676      0.447489977    
  -129.975510       45.9399643       1.74601340    
  -129.970886       45.9308701       1.44900179    
  -130.019165       45.9424667      0.796957433    
  -130.025146       45.9439201      0.992132723    
  -130.020279       45.9440651      0.668578684    
  -130.018631       45.9448547      0.442605227    
  -130.018616       45.9415016      0.613626301    
  -130.024750       45.9450111       1.09004259    
  -129.997253       45.9584427       1.23736775    
  -130.026703       45.9443398      0.966650903    
  -130.018188       45.9477768      0.513837337    
  -130.021332       45.9450569      0.674142063    
  -130.029968       45.9307556       1.74516547    
  -129.975952       45.9364128       1.53919458    
  -129.973679       45.9377861       1.86080062    
  -129.977875       45.9506226       1.93332851    
  -129.978073       45.9394035       1.58202600    
  -130.028656       45.9523048      0.777681231    
  -129.996429       45.9650154       1.07639813    
  -129.998413       45.9637299       1.83707571    
  -130.019012       45.9434280      0.705180347    
  -130.028931       45.9396820       1.15412629    
  -130.026810       45.9445076       2.56783628    
  -130.026474       45.9442177       1.30402613    
  -130.020981       45.9471512      0.783658683    
  -130.023254       45.9478111      0.462032735    
  -129.993851       45.9614830       2.13249755    
  -129.982239       45.9480820       1.97473454    
  -129.987183       45.9545975       2.02275133    
  -129.987183       45.9451103      0.405323535    
  -129.982819       45.9412956       1.68020427    
  -129.986603       45.9422073      0.813629925    
  -130.021515       45.9430275      0.665740550    
  -130.029663       45.9390678       1.32672930    
  -130.027100       45.9452057       1.05671632    
  -130.034927       45.9516258      0.969638526    
  -130.031296       45.9428139       1.45578992    
  -130.002686       45.9840431       1.16912055    
  -130.018372       45.9386292      0.452055812    
  -130.024658       45.9369049       2.73341990    
  -129.991470       45.9476814       1.21154678    
  -130.019165       45.9404793      0.551549852    
  -130.016479       45.9373436      0.486013860    
  -129.986816       45.9455833       1.84781992    
  -129.986649       45.9422646       1.71646059    
  -130.026443       45.9398537      0.805755556    
  -129.979767       45.9396896       1.89252365    
  -129.974823       45.9336853       1.79198897    
  -129.971588       45.9327126       1.77296925    
  -129.968414       45.9325523      0.942085862    
  -129.973999       45.9307938       1.77647936    
  -129.974945       45.9333725       1.51016331    
  -130.020737       45.9494095      0.396338373    
  -130.009247       45.9475746      0.211891264    
  -129.986176       45.9606133       1.86661828    
  -129.991943       45.9641418       2.44269609    
  -130.014053       45.9380951      0.390699267    
  -130.020203       45.9424744      0.591692805    
  -130.019333       45.9400902      0.492529035    
  -130.022293       45.9380264      0.566281497    
  -130.022537       45.9471970      0.746710777    
  -130.021271       45.9451904      0.660168052    
  -129.980927       45.9542274       2.16327500    
  -130.017731       45.9420776      0.499254107    
  -130.018250       45.9458580      0.771873176    
  -130.028336       45.9408531       1.26057351    
  -129.979309       45.9385262       1.56384611    
  -129.982147       45.9391251       1.53625429    
  -129.975433       45.9369392       1.75627995    
  -129.978668       45.9383392       1.64723063    
  -129.982269       45.9742393       1.03765011    
  -129.992523       45.9626274       1.96819127    
  -129.981476       45.9394493       1.63654006    
  -129.978470       45.9374161       1.61024594    
  -129.975708       45.9363060       1.54212666    
  -129.974487       45.9380722       1.55660009    
  -129.984314       45.9403801       1.11014175    
  -129.982956       45.9407463       1.54192317    
  -129.984055       45.9395981       1.36131430    
  -129.974350       45.9368172       1.82029688    
  -130.018173       45.9425888      0.649961889    
  -130.024933       45.9380302      0.939550400    
  -130.036438       45.9546928       1.21558142    
  -130.021393       45.9457359      0.847957432    
  -130.031281       45.9364433       1.34854901    
  -130.028046       45.9493027       1.06866801    
  -130.022949       45.9471054      0.857751369    
  -130.014954       45.9419518      0.469565094    
  -129.971420       45.9219627      0.831452787    
  -129.972229       45.9207230      0.630521894    
  -130.023880       45.9464226      0.626490235    
  -130.022217       45.9460869      0.734334350    
  -129.970337       45.9352570       1.48271322    
  -129.981476       45.9739189       2.48352575    
  -129.974670       45.9394798       1.85497296    
  -129.989288       45.9486313       1.74227142    
  -130.023270       45.9418221      0.814189613    
  -129.979294       45.9481964       2.09613013    
  -129.979889       45.9490585       2.00468612    
  -129.987671       45.9513779       2.16783905    
  -129.985352       45.9528999       1.85397410    
  -129.990234       45.9508247      0.988882184    
  -129.975006       45.9481964       2.20641279    
  -129.981827       45.9442635       1.62053466    
  -129.980453       45.9448128       1.83114731    
  -129.983734       45.9435768       1.63012373    
  -129.981506       45.9431152       1.75095236    
  -129.980591       45.9415703       1.92099798    
  -129.985001       45.9424782       1.53945553    
  -129.981796       45.9424400       1.58763421    
  -129.981842       45.9430161       1.76121163    
  -129.983505       45.9426308       1.68032265    
  -129.977509       45.9449844       1.93048155    
  -129.987610       45.9435616      0.560014009    
  -129.981979       45.9414825       1.56845391    
  -129.975571       45.9356461       1.59729040    
  -129.981964       45.9410744       1.55611241    
  -129.981842       45.9416504       1.55704176    
  -129.983292       45.9420738       1.54201937    
  -129.992493       45.9680939       1.51870406    
  -129.982803       45.9414444       1.37704468    
  -129.975388       45.9400558       1.78306842    
  -129.985535       45.9406586       1.12063479    
  -129.997375       45.9634857       2.50542498    
  -129.986694       45.9518585       1.08924866    
  -130.021301       45.9443932      0.668592870    
  -130.015778       45.9448318      0.483692080    
  -129.985275       45.9440269       1.22889709    
  -129.986298       45.9417839       1.60429513    
  -129.985291       45.9415894       1.86922836    
  -129.986771       45.9415894       1.43182731    
  -130.030304       45.9438553       1.33529282    
  -130.034744       45.9514122       1.19772601    
  -129.983398       45.9406586       1.59748995    
  -129.994186       45.9757385       1.30231643    
  -130.022156       45.9445763      0.954540372    
  -129.996857       45.9628296       1.31230915    
  -130.017334       45.9389992      0.547376692    
  -129.999969       45.9776840       2.43638253    
  -130.016876       45.9429359      0.488704085    
  -130.019745       45.9462204      0.620489597    
  -129.992645       45.9646988       1.82106018    
  -130.022690       45.9463196      0.922585189    
  -130.020050       45.9451866      0.780004561    
  -129.995087       45.9624672       1.66531539    
  -129.989441       45.9642754       3.01491499    
  -130.000031       45.9790230       1.41280234    
  -130.024139       45.9451256      0.994932532    
  -129.996765       45.9567146       1.27417469    
  -129.992722       45.9599266       1.20460355    
  -129.997040       45.9520149      0.639727533    
  -130.017365       45.9375839      0.413088590    
  -129.957245       45.9409943       1.41077256    
  -130.028290       45.9517593      0.905374169    
  -130.019684       45.9380608      0.635862827    
  -129.989456       45.9483490       1.81570315    
  -130.018723       45.9434624      0.362958491    
  -130.026306       45.9405060      0.826957285    
  -129.997711       45.9766998       2.46005106    
  -129.993988       45.9553757       2.24094367    
  -130.028595       45.9533844      0.230316013    
  -130.025436       45.9420662      0.926076293    
  -130.011017       45.9439888      0.328091860    
  -130.019318       45.9466743      0.452195585    
  -129.979294       45.9401436       1.58981001    
  -129.983856       45.9318428      0.917474091    
  -130.025085       45.9522972      0.404141426    
  -130.023392       45.9370956       2.35513663    
  -130.035736       45.9494896      0.770171165    
  -129.996918       45.9517555      0.615585804    
  -129.997467       45.9560699       1.18875706    
  -129.987457       45.9498863       1.96852756    
  -130.014694       45.9426003      0.356057674    
  -130.010742       45.9300995      0.952827573    
  -130.025833       45.9528694      0.698214412    
  -130.022491       45.9455376      0.686689734    
  -129.983444       45.9394913       1.42295194    
  -129.987305       45.9424896      0.406013191    
  -129.979034       45.9361420       1.36827469    
  -129.978073       45.9394455       1.86514163    
  -129.979660       45.9400902       1.73035192    
  -129.979156       45.9396667       1.69352567    
  -129.979248       45.9410286       2.09014034    
  -129.975494       45.9407730       1.86075068    
  -129.981781       45.9415665       1.56858754    
  -129.980652       45.9392700       1.74071300    
  -129.973938       45.9378395       1.97413683    
  -129.968872       45.9392128       2.09566021    
  -129.979584       45.9401779       1.95880485    
  -129.980026       45.9404068       1.76940906    
  -129.984512       45.9429131       1.34017253    
  -129.977310       45.9391937       2.00012779    
  -129.981476       45.9432259       1.98066092    
  -129.981125       45.9409981       1.71265614    
  -129.978195       45.9393044       1.72423315    
  -129.981201       45.9418221       2.08365870    
  -129.978302       45.9402466       1.82759595    
  -129.978333       45.9389648       1.77345324    
  -129.975952       45.9382973       1.99244416    
  -129.974579       45.9389801       1.93513358    
  -129.972900       45.9330940       1.59798324    
  -129.981689       45.9403114       1.71405554    
  -129.966568       45.9424438       2.18767405    
  -129.975174       45.9414139       2.14588618    
  -129.982300       45.9406242       1.52157199    
  -129.976624       45.9406586       1.94370222    
  -129.981506       45.9446106       1.53899574    
  -129.979095       45.9392738       1.72830081    
  -129.980179       45.9409943       1.81988931    
  -129.986298       45.9442139       1.22170031    
  -129.979248       45.9410439       1.80960178    
  -129.982025       45.9423409       1.55930579    
  -129.981873       45.9432831       1.57707274    
  -129.979950       45.9426193       1.71835124    
  -129.982483       45.9424095       1.59372389    
  -129.983444       45.9410629       1.43373060    
  -130.016663       45.9434471      0.527296185    
  -129.974152       45.9410629       1.94119668    
  -129.981140       45.9401665       1.74915564    
  -129.975067       45.9426956       1.93117774    
  -129.980957       45.9423180       1.63937247    
  -129.978424       45.9399872       1.70418894    
  -129.971268       45.9409027       2.25343823    
  -129.979309       45.9390564       1.74286008    
  -130.017883       45.9434280      0.378991455    
  -129.980988       45.9451675       1.61393356    
  -129.984207       45.9426994       1.46798301    
  -129.985443       45.9445763       1.33162272    
  -129.981949       45.9415245       1.46164286    
  -129.979126       45.9434204       1.59435654    
  -129.981232       45.9439545       1.66341710    
  -129.980774       45.9435081       1.54864502    
  -129.979706       45.9447746       1.71385276    
  -129.995163       45.9599037       1.45493639    
  -129.998260       45.9827118       1.78324413    
  -129.984314       45.9752235       1.64341700    
  -129.977203       45.9382744       1.92944562    
  -130.029816       45.9469299      0.954354167    
  -129.976822       45.9317436       1.59289873    
  -130.021942       45.9495430      0.606944263    
  -129.996948       45.9573975       1.37565315    
  -129.979416       45.9383278       1.59331369    
  -130.014099       45.9416809      0.548887968    
  -130.028152       45.9497833      0.582995892    
  -129.994202       45.9650002       1.86684561    
  -130.029236       45.9391899       1.62729096    
  -130.028595       45.9406281       1.33359826    
  -130.024902       45.9338875       1.24856842    
  -130.030701       45.9313393       1.44361043    
  -130.023651       45.9511490      0.402965188    
  -130.028229       45.9343529       1.23495209    
  -129.974121       45.9344025       1.57976615    
  -130.015305       45.9819756      0.947958648    
  -130.026917       45.9517136      0.681060851    
  -130.020447       45.9486084      0.534954011    
  -130.037491       45.9443130       1.46433270    
  -130.036499       45.9560051      0.544052660    
  -129.996552       45.9678574       1.82350111    
  -130.023895       45.9490929      0.584139347    
  -130.023499       45.9469490      0.766880155    
  -130.029205       45.9563217      0.515212357    
  -130.033081       45.9619904       2.77259350    
  -130.021088       45.9426918      0.794545770    
  -130.023926       45.9449692      0.756988525    
  -130.027740       45.9488144      0.760396481    
  -130.027222       45.9511757      0.695317984    
  -130.019440       45.9418297      0.462295473    
  -129.997040       45.9556236      0.454144061    
  -129.999985       45.9691315       1.19084990    
  -129.997650       45.9672279       2.22068739    
  -129.984619       45.9432983      0.345399022    
  -129.997406       45.9244728      0.727255583    
  -130.029114       45.9518585      0.954089940    
  -130.024078       45.9455986      0.597766697    
  -129.986099       45.9439125       1.82059121    
  -130.029755       45.9449463       1.21228862    
  -130.027130       45.9462700       1.19677567    
  -130.023773       45.9454384       1.07458770    
  -130.023010       45.9457626       1.03551590    
  -130.030975       45.9431839       1.21340322    
  -130.028839       45.9404716       1.30406570    
  -130.015106       45.9428711      0.330932558    
  -130.027496       45.9435730      0.637031615    
  -130.025345       45.9437218      0.953489959    
  -129.976105       45.9350853       2.12183309    
  -129.977173       45.9347878       1.59215319    
  -129.979828       45.9343681       1.30829513    
  -129.976654       45.9366341       1.37159586    
  -129.996185       45.9652443       1.53412378    
  -129.994812       45.9524460      0.613975585    
  -129.994141       45.9665146       1.63587129    
  -130.013550       45.9426193      0.300049931    
  -130.024231       45.9456520       1.05416000    
  -130.024506       45.9495468      0.520285070    
  -130.018951       45.9449234      0.544541717    
  -129.972092       45.9315567       1.46781015    
  -129.995636       45.9545975       1.45096457    
  -129.993591       45.9571686       1.41899002    
  -129.995590       45.9578667       1.51878417    
  -129.985291       45.9566574       1.68303323    
  -129.986359       45.9536438       1.87441623    
  -130.019470       45.9430923      0.699441433    
  -130.014069       45.9261017       1.05284965    
  -130.023880       45.9434090      0.929596245    
  -129.982376       45.9504356       2.00893259    
  -129.975830       45.9442253       2.11526585    
  -129.976898       45.9425812       1.77605891    
  -130.022552       45.9471512      0.731029630    
  -130.032806       45.9515648      0.801650405    
  -130.029892       45.9340668       1.61817753    
  -130.015015       45.9396477      0.231603712    
  -129.991165       45.9226570       1.20112002    
  -129.999207       45.9791412       1.85393000    
  -129.990540       45.9560394       2.17054534    
  -129.985046       45.9437714       1.82657480    
  -130.031219       45.9378090       1.74040902    
  -129.997452       45.9558907       1.50601113    
  -130.024841       45.9496040      0.482583821    
  -129.994324       45.9855766       1.09418428    
  -130.018326       45.9484711      0.374584079    
  -130.025940       45.9420586      0.844773591    
  -129.973389       45.9318123       1.76884055    
  -129.968033       45.9304581       1.99289012    
  -129.973114       45.9348068       1.90650570    
  -129.970886       45.9334068       1.80377579    
  -129.973236       45.9338989       1.81390154    
  -129.972168       45.9348640       1.97725654    
  -129.969955       45.9337006       1.89351213    
  -129.977249       45.9339752       1.49863470    
  -129.970810       45.9341660       1.78278935    
  -129.975769       45.9351120       1.90093040    
  -129.974167       45.9364128       2.17555618    
  -129.971741       45.9348297       1.75729167    
  -129.969391       45.9332161       1.76657772    
  -129.970764       45.9353027       1.82461405    
  -129.971039       45.9326782       2.02045536    
  -129.972168       45.9344482       1.64753759    
  -129.977127       45.9359856       1.78393328    
  -129.973343       45.9342003       1.79595411    
  -129.973480       45.9347649       1.83583486    
  -129.979904       45.9351654       1.75247467    
  -129.980347       45.9366798       1.55828631    
  -129.981964       45.9386330       1.68457007    
  -129.972870       45.9368858       1.74037790    
  -129.977676       45.9388466       1.83676457    
  -129.994995       45.9677925      0.646881700    
  -130.021881       45.9418297       1.02053213    
  -130.023758       45.9446983      0.857867062    
  -130.015732       45.9409943      0.673297763    
  -130.015503       45.9435768      0.356241614    
  -130.030960       45.9470863       1.07641518    
  -129.978973       45.9408875       1.67154121    
  -129.978455       45.9396858       1.66856563    
  -129.979614       45.9396477       1.69870734    
  -130.002136       45.9258804      0.880285740    
  -130.015045       45.9401131      0.375298560    
  -130.014420       45.9422073      0.452905536    
  -130.017883       45.9429245      0.580756247    
  -130.030853       45.9517136       1.01992178    
  -129.976257       45.9429855       1.80554950    
  -129.972748       45.9419861       1.97842991    
  -130.025711       45.9474449       1.00049925    
  -130.032959       45.9497337       1.85683906    
  -129.997681       45.9641609       1.07500434    
  -129.993942       45.9774628      0.940961182    
  -129.989151       45.9555016       2.23516154    
  -129.989090       45.9599266       1.72974706    
  -130.034500       45.9567375      0.727736175    
  -130.014160       45.9412003      0.301288784    
  -129.994354       45.9590416       1.57483959    
  -130.021637       45.9392738      0.417076975    
  -129.985703       45.9454384       1.84801626    
  -129.982056       45.9430237       2.15379715    
  -129.988464       45.9426308      0.669461012    
  -130.029327       45.9358826       1.30342150    
  -129.976044       45.9180794      0.735080600    
  -130.018799       45.9407425       3.21248746    
  -130.026047       45.9440002       1.08572650    
  -129.992676       45.9567871       2.00815272    
  -129.992157       45.9557037       2.49207830    
  -129.993073       45.9553032       2.03162980    
  -129.993439       45.9538422       2.43129468    
  -129.997681       45.9571266       1.29604471    
  -129.995850       45.9540901       1.90766907    
  -129.992661       45.9615631       2.06536031    
  -129.997223       45.9678421      0.710855424    
  -129.998688       45.9651222       1.66845608    
  -129.997665       45.9580688       1.68229508    
  -130.022736       45.9391403       1.06778264    
  -130.005951       45.9285507       1.62151682    
  -130.027481       45.9510422      0.766187191    
  -129.994751       45.9549408       2.60782242    
  -130.025284       45.9501953      0.597632468    
  -130.022552       45.9427032      0.686024189    
  -130.013458       45.9405479      0.397407860    
  -130.027390       45.9382057       1.20709527    
  -129.981140       45.9325218       1.45998585    
  -129.993713       45.9563179      0.893012226    
  -129.995331       45.9577332       1.45981681    
  -130.027435       45.9438057       1.29987741    
  -130.029129       45.9520187      0.764309525    
  -129.999710       45.9673767       1.51614010    
  -130.016785       45.9404411      0.711118162    
  -129.993683       45.9576530       2.24489951    
  -130.023941       45.9340591       1.17458832    
  -129.997925       45.9762115       1.53748703    
  -129.990570       45.9239349       1.22703242    
  -129.969543       45.9298363       2.29982018    
  -129.990417       45.9853210       1.38031912    
  -129.998764       45.9765816       2.45044994    
  -130.016418       45.9380341      0.349384516    
  -130.037720       45.9491653       1.02311420    
  -130.028122       45.9354706       1.16717052    
  -130.016190       45.9406090      0.455240399    
  -130.026398       45.9426689      0.668328762    
  -130.021973       45.9489555      0.515852213    
  -130.016220       45.9392471      0.470059156    
  -130.015228       45.9384995      0.554985285    
  -130.022125       45.9509506      0.498397619    
  -130.019180       45.9464111      0.460303485    
  -129.997009       45.9616814       2.12891531    
  -129.973328       45.9328842       1.69165087    
  -129.975037       45.9314232       1.65395713    
  -129.972992       45.9304085       1.49715090    
  -130.029846       45.9312935       1.52035511    
  -130.023254       45.9395370      0.917371869    
  -130.023407       45.9380455      0.846390963    
  -130.015228       45.9409370      0.403140396    
  -130.023972       45.9357834      0.920290470    
  -130.014435       45.9400330      0.416881591    
  -130.028442       45.9499435       1.01005173    
  -130.016785       45.9431915      0.580931902    
  -130.000229       45.9656639       1.48341143    
  -130.038940       45.9615097       3.35037875    
  -129.983429       45.9442863       1.62176239    
  -129.980133       45.9536972       2.16836357    
  -130.021881       45.9449463      0.685095310    
  -129.976166       45.9516029       1.61282504    
  -130.024231       45.9505119      0.602033377    
  -129.987518       45.9800720      0.972168565    
  -130.001022       45.9719772       1.52106404    
  -129.995972       45.9675293       1.64385104    
  -130.001801       45.9747772       1.01565218    
  -130.003113       45.9725266      0.989937127    
  -129.995163       45.9699860       1.87156796    
  -129.997864       45.9685593       1.60094535    
  -129.995987       45.9693375       1.16009939    
  -129.991425       45.9715157       1.41114688    
  -129.997879       45.9691315       1.68557084    
  -129.998306       45.9625587      0.502876401    
  -129.995834       45.9663773       1.48367262    
  -129.997040       45.9659424       2.07600164    
  -129.998291       45.9673882       1.59636045    
  -129.984650       45.9407043       1.41466832    
  -130.001099       45.9654503       1.96954930    
  -130.016266       45.9390945      0.414084762    
  -130.017258       45.9376183      0.373319209    
  -130.031036       45.9461861       1.35621798    
  -129.999756       45.9684181       1.57723606    
  -129.997833       45.9656982       2.00131106    
  -129.993530       45.9696922       1.41141629    
  -130.023605       45.9431496      0.849574387    
  -130.023315       45.9454269       1.02745938    
  -129.972931       45.9314461       1.64526808    
  -129.983917       45.9397964       1.77708995    
  -130.027588       45.9426880       1.22786140    
  -130.027313       45.9362106      0.970590174    
  -130.029587       45.9327545       1.64281726    
  -130.022278       45.9469032      0.704883754    
  -130.023712       45.9442177       1.18023455    
  -130.023438       45.9416199      0.808859348    
  -129.979996       45.9419594       1.76222718    
  -129.983337       45.9448280       1.45794249    
  -129.981018       45.9267349       1.35542357    
  -129.976440       45.9484520       2.19628072    
  -129.984589       45.9420929       1.28177202    
  -129.995438       45.9648399       2.11062527    
  -129.998077       45.9213104      0.732783079    
  -130.029541       45.9517670      0.729049087    
  -130.023529       45.9492340      0.600025117    
  -130.024323       45.9507561      0.672428608    
  -129.982605       45.9468117       1.63855386    
  -130.035858       45.9477386       1.16036415    
  -129.983917       45.9439316       1.79046297    
  -129.986816       45.9435730       1.63023460    
  -129.987061       45.9443932       1.41407394    
  -130.016739       45.9385567      0.364849716    
  -130.026962       45.9473534      0.454190820    
  -130.024414       45.9471169      0.793481410    
  -129.982101       45.9421272       1.91732109    
  -129.980545       45.9394836       1.48802197    
  -129.987762       45.9565887       2.68104148    
  -129.998688       45.9695396       1.84319282    
  -130.020004       45.9481621      0.456491113    
  -129.984192       45.9414482       1.62477887    
  -130.028046       45.9427032       1.28048241    
  -130.033066       45.9399643       1.53536105    
  -130.016235       45.9391594      0.469326079    
  -130.023285       45.9434853      0.986696601    
  -130.026581       45.9404411      0.897626519    
  -130.027466       45.9384766       1.02890980    
  -130.017242       45.9424057      0.386213630    
  -130.032654       45.9427490       1.49080503    
  -129.991974       45.9228821       1.12221324    
  -129.990601       45.9217529       1.00286484    
  -130.019043       45.9483032      0.577290118    
  -130.027344       45.9450645       1.04194307    
  -130.021133       45.9477539      0.463187337    
  -130.015182       45.9383812      0.479662955    
  -130.017456       45.9428825      0.427137524    
  -129.997925       45.9685440       1.71829152    
  -130.021729       45.9486389      0.515809476    
  -130.027344       45.9335670       1.37565064    
  -130.015305       45.9344482      0.572885573    
  -130.024872       45.9458504      0.920107305    
  -129.978241       45.9296951       1.32588398    
  -130.021759       45.9473381      0.468444496    
  -130.024780       45.9502678      0.512565434    
  -129.985107       45.9417915       1.59709525    
  -129.982849       45.9408417       2.00266743    
  -130.025452       45.9508629      0.775130868    
  -129.984818       45.9421120       1.57806778    
  -129.983215       45.9411125       1.80289721    
  -129.984131       45.9430008       1.65113091    
  -129.986954       45.9434814       1.22837234    
  -129.982269       45.9414444       1.68005955    
  -129.990692       45.9422989       1.03005743    
  -129.988251       45.9425774      0.654271603    
  -129.985992       45.9432831       1.53219330    
  -129.979736       45.9427490       1.63855422    
  -129.984314       45.9422951       1.58553922    
  -129.979309       45.9452477       1.81632769    
  -129.982971       45.9420090       1.42858684    
  -129.983902       45.9425354       1.73886466    
  -129.983826       45.9419136       1.57031608    
  -130.019653       45.9441376      0.762651145    
  -130.027191       45.9432945       1.24429929    
  -129.999023       45.9654121       2.08772445    
  -129.986969       45.9477158       1.91990757    
  -129.981781       45.9474411       2.27767515    
  -129.972702       45.9327698       1.75185251    
  -130.024536       45.9507408      0.566573322    
  -129.976227       45.9374619       1.69861495    
  -130.023849       45.9447746      0.767566264    
  -130.017181       45.9425545      0.681683064    
  -130.030670       45.9420128       1.72293103    
  -129.978333       45.9284477       2.00883603    
  -129.976746       45.9175453      0.773236990    
  -130.024445       45.9496727      0.590685904    
  -129.974030       45.9205246       1.22868204    
  -129.982239       45.9272041      0.596594334    
  -130.030090       45.9522285      0.742777348    
  -130.023438       45.9488335      0.574116886    
  -130.022079       45.9478569      0.515141845    
  -130.023254       45.9495163      0.503305078    
  -129.968613       45.9283829       1.61903560    
  -129.960541       45.9235268       1.96584535    
  -129.973328       45.9337006       1.86651981    
  -129.973312       45.9340134       1.84396875    
  -129.970673       45.9329720       1.68957615    
  -129.971359       45.9344559       1.78563344    
  -130.024567       45.9436531      0.707937181    
  -129.974777       45.9334145       1.65637040    
  -129.972733       45.9295273       1.58829224    
  -129.973129       45.9321709       1.70397472    
  -129.966507       45.9329185       1.87284386    
  -129.972900       45.9325981       1.64147484    
  -129.972382       45.9344635       1.44832766    
  -129.974228       45.9347534       1.77718735    
  -129.974731       45.9326668       1.64171302    
  -129.972504       45.9324036       1.64012504    
  -129.979187       45.9380684       1.59200966    
  -129.972626       45.9356613       1.97789299    
  -129.974762       45.9365044       1.54197252    
  -129.982574       45.9375153       1.58973134    
  -129.971130       45.9360275       1.66705608    
  -130.024170       45.9404945       3.01024580    
  -129.972855       45.9383850       1.83741903    
  -130.032135       45.9395523       2.59530711    
  -129.972992       45.9382515       1.70518064    
  -129.972061       45.9380302       1.98687768    
  -129.975952       45.9367332       1.88934803    
  -129.962311       45.9376106       2.17709255    
  -129.976059       45.9378052       1.85649705    
  -129.977417       45.9374352       1.80930531    
  -129.969879       45.9360733       1.93208861    
  -129.983978       45.9405022       1.76202822    
  -129.979141       45.9417610       1.76112223    
  -129.989777       45.9470520       1.24836648    
  -129.980942       45.9436684       1.71777749    
  -129.974518       45.9395142       1.80941057    
  -129.987778       45.9458046       1.32479608    
  -129.975891       45.9320793       1.73355353    
  -129.976471       45.9390144       2.24211574    
  -129.985016       45.9571342       1.26788008    
  -129.978516       45.9384422       1.63632333    
  -129.979721       45.9390945       1.39703131    
  -129.975403       45.9400444       1.66813350    
  -129.986893       45.9501228       2.17067194    
  -129.987717       45.9496498       1.87974226    
  -130.025146       45.9435883      0.906375825    
  -129.988113       45.9594994       2.34295678    
  -129.992737       45.9572945       1.92903769    
  -129.982758       45.9446220       1.17729402    
  -129.974304       45.9431305       1.76863074    
  -130.018280       45.9430580      0.770752430    
  -129.991821       45.9623222       1.06875920    
  -129.976166       45.9400673       1.80947733    
  -129.981201       45.9398880       1.67265213    
  -129.979187       45.9379272       1.61751330    
  -129.981354       45.9381638       1.35847390    
  -129.980988       45.9387398       1.59519827    
  -129.975830       45.9371872       1.74126410    
  -129.976013       45.9372520       1.69027936    
  -129.980637       45.9417191       1.79219365    
  -130.019379       45.9431839      0.559505224    
  -129.983612       45.9376335       1.18109107    
  -129.976807       45.9399529       1.65160859    
  -129.976944       45.9400101       1.70535564    
  -129.990753       45.9658775       1.81631839    
  -129.992950       45.9591217       1.29740059    
  -129.979370       45.9386177       1.57511842    
  -129.981537       45.9387894       1.84420693    
  -130.023926       45.9516830      0.417310953    
  -130.015625       45.9387436      0.421258152    
  -130.016541       45.9403610      0.215671569    
  -130.015839       45.9411545      0.320302039    
  -129.993912       45.9601173       2.13661098    
  -129.985077       45.9412613       1.50483191    
  -129.998108       45.9766769       2.50603032    
  -129.985321       45.9427681      0.883863866    
  -129.977264       45.9385452       1.77198064    
  -129.979523       45.9371529       1.60065317    
  -129.977966       45.9396515       1.71066296    
  -129.982117       45.9375420       1.59556532    
  -129.972519       45.9337654       1.50832307    
  -129.974487       45.9345016       1.43833005    
  -129.971649       45.9329529       1.67337799    
  -129.975174       45.9347153       1.59255934    
  -129.980835       45.9405823       1.66101432    
  -130.023712       45.9447975      0.810978651    
  -129.980743       45.9434433       1.74683726    
  -129.981262       45.9373932       1.50074363    
  -129.981293       45.9363556       1.31232178    
  -129.979401       45.9377556       1.56582296    
  -130.044189       45.9577179       1.19120491    
  -129.983459       45.9424706      0.279418468    
  -130.025650       45.9354668       1.08752036    
  -130.029785       45.9417381       1.18868828    
  -130.017426       45.9445229      0.790332198    
  -129.988647       45.9665375      0.870415926    
  -129.991180       45.9654503       1.39091659    
  -130.023132       45.9485207      0.673225462    
  -129.993469       45.9563370       2.02926683    
  -129.978455       45.9549980       1.70334280    
  -130.015198       45.9382019      0.437829822    
  -130.023697       45.9503708      0.514745533    
  -130.031342       45.9403114       1.66538119    
  -130.024246       45.9483948      0.409945786    
  -129.985275       45.9463921       2.10836148    
  -129.995895       45.9564438      0.933696091    
  -130.013092       45.9410553      0.285579115    
  -130.016266       45.9435349      0.407073438    
  -129.982574       45.9530792       2.04130578    
  -129.993484       45.9632225       2.05110836    
  -129.979340       45.9418488       1.84118700    
  -129.995026       45.9579773       1.39310110    
  -129.993683       45.9588661       1.25994182    
  -129.997787       45.9509315      0.855673432    
  -129.989578       45.9486198       1.49583673    
  -129.995529       45.9570770       1.74137521    
  -129.991150       45.9649239       1.54706025    
  -129.994415       45.9560509       1.54698527    
  -129.986420       45.9618073       2.33580327    
  -129.994492       45.9572105       1.22129250    
  -129.994949       45.9490700      0.354534596    
  -130.034576       45.9552345       1.25361514    
  -129.986343       45.9518814       1.96197724    
  -129.973663       45.9542465       1.71333599    
  -130.017761       45.9456062      0.383270383    
  -129.976715       45.9507294       1.90031958    
  -129.995911       45.9643517       1.87971270    
  -129.979431       45.9446297       1.70189548    
  -130.025391       45.9444008       1.25442529    
  -130.021164       45.9420395      0.809077978    
  -129.979462       45.9375916       1.32359767    
  -129.993439       45.9588165       1.50061202    
  -130.023834       45.9452934       1.01816988    
  -130.023499       45.9532509      0.613632798    
  -130.030731       45.9521027      0.733107924    
  -130.021027       45.9444389      0.578284800    
  -130.025299       45.9450760      0.871320248    
  -130.028137       45.9525681      0.947343111    
  -130.034302       45.9452591      0.757850230    
  -130.029785       45.9459038       1.32502711    
  -130.022675       45.9500313      0.642197788    
  -130.021759       45.9434853      0.804341555    
  -130.024246       45.9519577      0.561009169    
  -129.986481       45.9563904       1.45517325    
  -130.029922       45.9488106       1.04823220    
  -130.025452       45.9476547      0.789277554    
  -130.015106       45.9393921      0.343327135    
  -129.980042       45.9539833       2.13339758    
  -130.026138       45.9455833      0.877747834    
  -130.032227       45.9519882       1.72904229    
  -130.029724       45.9347801       1.80010319    
  -129.979370       45.9483070       1.71476614    
  -129.989471       45.9697876       1.32137477    
  -130.025330       45.9508133      0.690790236    
  -130.018112       45.9420280      0.652921677    
  -130.032944       45.9470024       1.36218083    
  -130.025162       45.9472847      0.660772622    
  -130.022430       45.9409866       1.21785891    
  -130.023102       45.9486580      0.616937399    
  -130.025024       45.9472275       1.16805410    
  -130.012375       45.9409828      0.401600718    
  -129.985245       45.9513168       2.19644403    
  -130.028351       45.9422989       1.30611753    
  -130.025635       45.9378777       1.12968671    
  -130.024567       45.9438667      0.775591791    
  -130.019547       45.9437714      0.595158815    
  -130.033142       45.9508286      0.846873105    
  -129.977402       45.9461555       1.76978731    
  -129.978546       45.9448967       1.32806301    
  -129.984741       45.9438591      0.159544483    
  -129.967178       45.9454918       1.92224813    
  -129.969925       45.9492798       2.59565926    
  -129.973770       45.9471817       1.63754606    
  -129.971802       45.9450760       1.61350119    
  -129.982224       45.9448433       1.53896272    
  -129.985199       45.9521484       2.03136277    
  -129.987610       45.9356270       1.50276816    
  -129.974472       45.9357376       1.52241874    
  -129.985657       45.9524422       1.80289745    
  -130.022507       45.9468040       2.72686005    
  -130.034180       45.9557953       1.75561213    
  -130.025665       45.9476204      0.772109449    
  -130.017197       45.9480095      0.727644503    
  -129.994720       45.9676361       2.23841977    
  -129.992371       45.9249496       1.22470927    
  -130.014709       45.9397163      0.337097555    
  -129.979492       45.9385948       1.64784205    
  -129.985291       45.9395332       1.46345317    
  -130.018768       45.9370956      0.668422878    
  -129.994568       45.9601517       1.56465781    
  -129.984680       45.9561348       1.55923569    
  -129.993484       45.9587173       1.80781472    
  -130.017578       45.9383278      0.469556332    
  -130.018494       45.9495430      0.626705110    
  -129.992691       45.9625511       1.82359457    
  -130.036865       45.9557915       1.02321041    
  -129.991760       45.9617844       2.62498927    
  -130.020020       45.9465675      0.423158705    
  -130.018829       45.9505844      0.920517623    
  -130.021851       45.9482384      0.676109791    
  -130.026520       45.9488106      0.928477824    
  -129.984619       45.9499092       2.03481984    
  -129.986359       45.9490547       2.28270245    
  -129.974976       45.9485321       1.63157618    
  -130.035370       45.9492149       1.21300256    
  -130.031250       45.9451904       1.05140793    
  -130.031479       45.9508934       2.65756512    
  -129.987762       45.9551392       1.51911724    
  -129.984558       45.9948959       1.81342030    
  -130.032608       45.9440880       1.62989891    
  -129.986328       45.9631844       2.01460218    
  -130.028839       45.9465141      0.380860507    
  -129.977203       45.9404373       2.06691933    
  -129.983276       45.9405479       1.73169756    
  -129.985992       45.9410973       1.56683242    
  -129.987915       45.9422760      0.443567991    
  -129.984726       45.9444008       1.29023302    
  -129.983963       45.9410973       1.86638975    
  -129.986908       45.9431953       1.69612849    
  -129.987228       45.9420242      0.212378860    
  -129.980804       45.9415894       1.86122322    
  -129.985382       45.9407845       1.53151834    
  -129.984970       45.9448853       1.44096553    
  -129.987152       45.9434662      0.793825805    
  -129.967896       45.9243774       2.81518388    
  -129.979965       45.9432640       2.32308459    
  -129.983826       45.9393082       1.74754024    
  -129.983002       45.9418755       2.12539387    
  -129.984070       45.9421158       1.56609070    
  -129.983749       45.9429817       1.58748782    
  -129.984222       45.9399567       1.94535983    
  -129.990173       45.9421158      0.604198515    
  -129.983337       45.9417572       1.56946981    
  -129.983292       45.9235687       1.26205313    
  -129.988098       45.9433441       1.28965271    
  -130.023346       45.9434547      0.785344958    
  -129.991913       45.9583397       1.85387492    
  -129.995026       45.9575386       1.49259675    
  -129.993622       45.9577179       1.88089120    
  -129.995377       45.9510803      0.506021023    
  -129.991440       45.9566574       1.80689347    
  -129.991486       45.9561272       2.02436304    
  -130.020325       45.9450874      0.750789165    
  -129.992004       45.9572105       2.03441858    
  -129.996628       45.9611664       1.37263381    
  -129.995850       45.9574051       2.01118827    
  -129.989609       45.9554596       2.36042857    
  -129.993576       45.9607468       1.89798605    
  -129.991821       45.9590302       1.88585758    
  -129.993790       45.9599686       1.61546922    
  -129.992050       45.9546013       2.10024214    
  -129.996277       45.9480019      0.298865020    
  -129.996017       45.9476891      0.420275152    
  -129.996399       45.9511185      0.459604472    
  -129.991028       45.9595451       1.99502134    
  -129.991791       45.9545937       2.55931091    
  -129.996796       45.9460640      0.299917161    
  -129.991241       45.9610519       2.23890686    
  -130.024841       45.9494133      0.528976917    
  -129.989197       45.9485207       2.17331648    
  -129.988403       45.9501610       1.82391846    
  -129.999847       45.9621887       1.34616268    
  -130.026978       45.9436417       1.27708006    
  -129.977997       45.9475136       2.43474078    
  -129.980042       45.9557953       1.26806641    
  -129.979126       45.9486198       2.34232712    
  -129.985275       45.9506950       1.66147017    
  -129.982361       45.9506493       1.92411780    
  -129.983917       45.9516983       1.85423017    
  -129.977539       45.9473534       2.09561753    
  -129.992523       45.9687424       2.84178209    
  -129.983185       45.9501762       2.03281856    
  -129.972412       45.9353790       1.79329669    
  -129.983444       45.9499893       1.58825016    
  -130.021790       45.9425659      0.955286026    
  -129.991760       45.9602280       2.38768411    
  -130.013489       45.9405479      0.272957325    
  -129.988220       45.9775276       1.62426949    
  -129.973297       45.9314194      0.955506861    
  -130.025284       45.9462166      0.880094707    
  -129.978180       45.9402466       1.37999713    
  -129.993042       45.9549103       2.24083567    
  -129.978333       45.9383621       1.58477283    
  -130.019806       45.9417572      0.490758359    
  -130.028656       45.9541664       1.50924659    
  -129.985657       45.9488411       2.22609758    
  -129.997162       45.9572372       1.79098523    
  -129.980576       45.9480133       1.63221240    
  -129.996017       45.9720192       1.44655204    
  -130.023163       45.9378281      0.696232796    
  -130.016144       45.9427948      0.452695042    
  -129.982468       45.9412880       1.54820037    
  -130.024963       45.9478722      0.789292514    
  -130.020386       45.9467964      0.654567957    
  -130.022156       45.9485779      0.498013496    
  -130.024017       45.9490891       1.01800966    
  -130.025757       45.9519196      0.455975652    
  -130.020676       45.9489212      0.801039457    
  -130.023224       45.9521408      0.641787589    
  -130.000061       45.9641228       1.68478978    
  -130.025269       45.9505539      0.567616582    
  -130.026642       45.9417915      0.878135979    
  -130.017670       45.9426460      0.542639554    
  -130.027100       45.9395485       1.07911801    
  -130.017395       45.9390259      0.643061578    
  -130.026917       45.9428940       1.35847318    
  -130.018356       45.9428978      0.747870684    
  -130.029251       45.9399681       1.26462936    
  -129.994049       45.9770355      0.944081247    
  -129.974884       45.9434738       1.57265162    
  -130.011078       45.9211235       1.68537223    
  -129.992737       45.9571037       1.58176875    
  -130.020752       45.9395485      0.658114433    
  -130.027863       45.9359398       1.40207267    
  -130.031281       45.9317551       1.66339767    
  -130.022491       45.9442825      0.772926092    
  -129.999054       45.9676437       1.81368852    
  -129.980347       45.9512444       2.29152727    
  -130.015381       45.9397430      0.315098912    
  -129.984268       45.9504166       2.64506602    
  -129.986313       45.9495697       1.19819224    
  -130.014389       45.9427948      0.396813005    
  -130.025177       45.9405632       1.08721447    
  -130.024002       45.9423065      0.951684713    
  -129.969147       45.9371223       1.96167636    
  -129.994904       45.9584465       1.46118128    
  -130.011368       45.9211159       1.09761655    
  -129.975342       45.9428329       1.47873783    
  -129.981857       45.9393730       1.62589109    
  -129.987610       45.9479942       1.95556259    
  -129.991455       45.9495277      0.672442257    
  -129.980225       45.9436684       1.44151664    
  -129.981018       45.9512100       2.27483463    
  -129.978546       45.9535942       1.86224377    
  -129.993332       45.9605217       2.52060080    
  -129.986908       45.9532280       1.91238046    
  -129.974304       45.9337082       1.50497139    
  -129.997559       45.9668884       1.62450421    
  -129.982834       45.9454689       1.84803069    
  -129.994675       45.9218636      0.902342618    
  -129.998184       45.9537888       1.05427206    
  -129.994263       45.9695473       1.62427115    
  -130.021851       45.9533844      0.343918204    
  -129.998810       45.9636230       1.24179506    
  -130.039124       45.9613266       1.27122819    
  -129.984222       45.9525681       2.54190516    
  -130.023834       45.9484673      0.704455018    
  -129.976547       45.9377213       2.06941962    
  -129.983887       45.9451180       1.35503471    
  -129.978592       45.9454994       1.74818039    
  -129.998444       45.9741478       2.04207897    
  -129.981873       45.9428101       1.79496169    
  -130.026398       45.9455452       1.12714839    
  -129.984238       45.9415894       1.51410758    
  -129.970490       45.9189529      0.633895814    
  -130.018799       45.9472618      0.769828260    
  -129.982651       45.9498291       1.99374831    
  -130.026321       45.9451408       1.06361401    
  -130.019348       45.9415245      0.626456499    
  -130.028839       45.9460564       1.42033303    
  -130.018982       45.9412308      0.855525076    
  -130.023651       45.9431305       1.00205433    
  -130.020752       45.9416466       2.38474441    
  -130.017654       45.9448128      0.633654356    
  -129.997238       45.9744072      0.987316132    
  -130.022949       45.9449654       1.07668149    
  -130.017792       45.9419518      0.540962398    
  -129.994659       45.9606094       2.31632423    
  -130.021988       45.9452362      0.879159927    
  -129.977264       45.9453773       1.77384448    
  -130.015808       45.9391403      0.527852654    
  -129.982025       45.9431763       1.74812865    
  -130.012421       45.9295387      0.933913469    
  -129.972092       45.9208221       1.52822900    
  -130.024414       45.9466286      0.866771042    
  -130.029419       45.9501190       1.27564228    
  -130.017792       45.9471359      0.632712185    
  -129.982025       45.9422951       1.67115307    
  -129.988113       45.9459229       1.16130817    
  -130.022644       45.9449692       1.19218981    
  -130.024963       45.9469376      0.756559193    
  -130.024673       45.9461403       1.00856924    
  -130.029449       45.9465332       1.19229901    
  -129.976074       45.9386635       1.51624703    
  -129.981018       45.9430733       1.58299088    
  -129.969727       45.9401131       1.96426749    
  -130.021973       45.9467354      0.680835903    
  -130.020630       45.9391136      0.639612257    
  -130.021362       45.9386520      0.770076513    
  -130.024200       45.9367294      0.903929949    
  -129.977951       45.9271889       1.47386670    
  -129.976639       45.9416733       1.70333457    
  -129.983215       45.9410095       1.52435052    
  -129.981140       45.9380455       1.49930453    
  -130.012848       45.9439049      0.361053944    
  -129.970917       45.9443588       1.98039854    
  -130.040161       45.9600601      0.822758317    
  -129.979446       45.9396667       1.98509669    
  -129.990280       45.9588661       1.87460697    
  -129.992310       45.9562721       1.98116589    
  -129.996201       45.9547958       1.16147888    
  -129.991699       45.9583817       1.79734147    
  -129.989212       45.9576950       2.03847528    
  -129.989014       45.9580650       2.10745645    
  -130.018005       45.9401093      0.521424055    
  -129.987076       45.9279594       1.39930463    
  -129.995453       45.9220238      0.555995047    
  -130.025986       45.9476547       1.11216688    
  -129.972214       45.9338341       1.60628593    
  -130.021988       45.9468498      0.735400617    
  -129.973236       45.9373283       1.60023892    
  -129.976105       45.9370842       1.68352318    
  -129.991287       45.9525414       1.98837626    
  -129.969925       45.9356918       1.75257707    
  -129.973724       45.9363174       1.66481531    
  -129.978790       45.9362984       1.30460274    
  -129.975311       45.9379807       1.73957539    
  -129.979675       45.9387665       1.53630018    
  -129.983871       45.9437065       2.40532899    
  -129.981567       45.9391098       1.61800945    
  -129.975220       45.9363632       1.56070328    
  -130.027435       45.9431725       1.24271882    
  -130.014450       45.9246368       1.32474625    
  -130.021637       45.9243355       1.71009040    
  -130.019440       45.9423981      0.703667641    
  -130.024658       45.9470673      0.855387151    
  -130.018692       45.9343872       2.28106666    
  -130.017319       45.9378548      0.726140797    
  -129.982025       45.9330597       1.03346944    
  -129.983429       45.9346390       1.01719999    
  -129.973312       45.9173813      0.825385273    
  -129.987167       45.9725380      0.868493974    
  -129.974365       45.9383278       1.66103542    
  -130.024384       45.9498825      0.522067845    
  -130.034485       45.9550400       1.38154733    
  -129.982758       45.9345627       1.86748397    
  -130.023529       45.9507179      0.520081937    
  -129.982239       45.9464264       1.72217631    
  -130.021500       45.9407730      0.671690643    
  -130.026184       45.9555740      0.534204721    
  -129.994049       45.9564323       1.61604691    
  -130.036041       45.9510803       2.08585858    
  -130.031219       45.9490852       2.40114260    
  -130.033279       45.9543495      0.813663304    
  -130.020905       45.9437790      0.617742419    
  -129.973328       45.9337654       1.50968909    
  -129.975830       45.9317093       1.52636898    
  -129.977173       45.9321060       1.50113595    
  -129.996277       45.9622002       1.27043271    
  -129.980347       45.9340782       1.26279449    
  -129.977036       45.9333267       1.51119936    
  -129.974976       45.9346237       1.65255654    
  -129.973770       45.9331894       1.50362289    
  -129.966309       45.9353104      0.791841745    
  -129.972961       45.9348869       1.65316951    
  -129.979065       45.9347954       1.84738135    
  -129.978012       45.9341011       1.49691510    
  -129.992310       45.9565277       2.59410691    
  -129.975143       45.9344749       1.65473068    
  -129.975433       45.9357071       1.73113120    
  -129.974274       45.9339905       1.66138482    
  -129.980118       45.9329987       1.34902894    
  -129.981384       45.9391136       1.86263335    
  -129.974304       45.9350319       1.58914411    
  -129.976257       45.9338722       1.52684689    
  -129.975220       45.9321060       1.87619209    
  -129.975250       45.9296188       1.58430576    
  -129.972168       45.9280128       1.36550689    
  -129.974823       45.9331055       1.83995044    
  -129.973572       45.9341698       1.52158034    
  -129.974884       45.9324570       1.32061243    
  -129.980286       45.9373055       1.45655489    
  -129.972946       45.9316101       1.63718927    
  -129.973877       45.9307976       1.59535718    
  -129.978455       45.9314651       1.39079118    
  -129.974213       45.9318008       1.65269351    
  -129.980743       45.9486542       1.91222990    
  -129.978775       45.9241829       1.46043158    
  -129.981171       45.9251366       1.32008994    
  -129.981842       45.9410019       1.43022263    
  -130.037872       45.9491348       1.23476613    
  -129.986938       45.9437103      0.186409622    
  -129.974884       45.9391212       1.61446667    
  -129.983124       45.9354172       1.07314277    
  -129.972198       45.9327774       1.51342869    
  -130.027115       45.9416542       1.11375439    
  -129.984589       45.9414215       1.51471198    
  -129.968079       45.9433403       2.04051256    
  -129.995911       45.9621315      0.665290296    
  -130.036591       45.9591446      0.979963303    
  -129.985519       45.9788322      0.724613786    
  -129.979156       45.9248009       1.86849117    
  -130.031479       45.9493408      0.845560968    
  -129.980728       45.9437027       1.80078983    
  -129.987305       45.9420509      0.747608423    
  -129.978989       45.9426537       1.82821023    
  -129.980804       45.9429588       1.69555950    
  -129.984360       45.9409637       1.45495629    
  -129.995361       45.9561386       1.41354227    
  -129.987198       45.9788589       1.74556684    
  -129.995560       45.9674835      0.846982241    
  -129.986176       45.9414597       1.29821754    
  -129.986176       45.9389915      0.189500615    
  -129.984131       45.9546165       1.59794772    
  -130.023224       45.9436760      0.777931571    
  -130.022522       45.9477692      0.948346376    
  -130.018921       45.9464684      0.793852866    
  -130.019623       45.9421768      0.438511580    
  -130.033020       45.9331551       1.30287194    
  -130.000473       45.9654808       1.95002663    
  -130.034271       45.9425735      0.934896290    
  -129.992401       45.9698219       2.98854494    
  -129.981140       45.9468384       1.47546482    
  -129.987167       45.9442596      0.191505000    
  -129.985703       45.9536285       1.76769435    
  -129.995728       45.9672470       2.27992105    
  -129.981400       45.9576988       1.86292064    
  -129.982208       45.9397774       1.61402142    
  -129.971909       45.9379272       1.43214822    
  -129.979248       45.9384155       1.66399443    
  -129.976288       45.9358978       1.61012352    
  -130.023132       45.9457626      0.752049863    
  -130.029449       45.9404793       1.22532308    
  -130.018661       45.9382324      0.515910029    
  -129.972198       45.9490700       2.00741434    
  -130.006104       45.9529533       2.20494604    
  -129.978485       45.9483376       1.70749438    
  -129.972916       45.9473572       1.81339371    
  -129.980408       45.9454460       1.65098345    
  -129.982056       45.9412575       1.97700441    
  -129.977692       45.9460945       1.74545109    
  -129.978668       45.9442139       1.55327117    
  -129.980606       45.9422951       1.37407768    
